 0.0
 846.776        
2085.076        
2657.562        
  2941.50       
 2959.923       
  3120.11       
3122.927        
 3369.84        
 3388.55        
3445.306        
  3448.41       
  3600.21       
  3605.69       
   3610.2       
3744.13         
 3755.57        
 3759.6         
  3829.77       
3856.449        
4048.826        
4085.93         
4100.307        
4119.870        
4298.039        
  4300.9        
4320            
4370            
 4394.83        
  4401.40       
  4447.6        
 4458.532       
  4509.64       
  4539.5        
  4554.08       
  4612.3        
  4620          
  4658.26       
4675            
  4684.7        
 4700.63        
4728.14         
    4730.       
  4739.6        
4784.12         
4802            
4822            
    4847        
  4866.52       
4877            
  4878.0        
  4881.7        
  4887.1        
  5023.49       
  5026.7        
  5041.9        
5062            
   5122.1       
  5133.4        
  5143.6        
    5148.       
  5186.3        
5188            
5194.80         
5219            
  5227.3        
  5231.2        
  5240.7        
5249            
  5255.7        
    5257        
5274            
5296            
  5306.6        
5386            
  5402.3        
5444            
5476            
  5490.4        
5503            
  5511.6        
5528            
5538.07         
5557            
5568            
  5577.5        
5590.06         
5612            
 5626.84        
5663            
5673            
5684            
5697            
  5707.4        
5725            
5737            
5768            
  5795.2        
5813            
  5824.3        
5853            
5863            
  5869.6        
  5874.1        
  5882.7        
5908            
  5921.4        
5936.17         
5941            
5962            
  5986.86       
6002            
6013            
6024            
6041            
  6050.7        
  6055          
  6071.6        
6078            
  6092.2        
6102.21         
6110            
  6115.7        
6138            
6174            
6201            
6219            
  6250.9        
6265            
6289            
  6307.6        
  6316.7        
  6327.6        
6351            
6363            
6382            
6397            
6432            
  6447.96       
6463            
6489            
6509            
6527            
6543            
6555            
6563            
6593            
6613            
6625.10         
6652            
6662            
6670            
    6698        
6700            
6709            
6725            
6742            
6767            
6781            
6800            
6815            
6843            
6856            
6878            
6916            
  6926.5        
6940            
6967            
6981.68         
6994            
7013            
7036            
7055            
  7061.6        
7077            
  7084.6        
7090            
7102            
7124            
    7135        
7154            
  7167.27       
7170            
7189            
7204            
  7211.5        
7220            
  7248.5        
  7285.8        
7290            
7312            
7380            
7422.67         
  7446.5        
  7468.5        
7475            
7580            
7630            
7670            
7720            
7780            
7840            
7870            
  7886.54       
8050            
8110            
8120            
  8128.6        
8138.22         
    8219        
  8239.7        
8247.76         
8309.59         
8447.87         
  8535.95       
8758.47         
    8767        
    8879        
  8909.9        
    8962        
    8989        
    9107        
  9140.3        
  9154          
9200            
9280            
  9287          
    9311        
    9322        
    9402        
  9557.62       
9666            
    9737        
9768            
9895            
9900            
    9948        
    9969        
   10060        
   10497        
   11133        
 11480          
 11509          
 11597          
 11599.22       
 11601          
 11604.13       
 11610.02       
 11612.97       
 11617.88       
 11661          
 11665          
 11688.6        
 11694          
 11804          
11832           
11840           
11848           
11918           
11958           
