 Parameters used:

First geneneration spectra extracted for
excitation energies between 15020.-   20. keV
corresponding to y-channels   131 -    6
 Number of spectra=  126
 Ax0 =     0.0 Ax1 =    19.4 Ay0 =  -700.0 Ay1 =   120.0
 AxW0=     0.0 AxW1=     0.0 AyW0=     0.0 AyW1=     0.0
 Weighting: 0 Level density parameter a=16.0 Exponent n=4.2
 Normalization= 2 Stat/Tot= 2 Areacorr.= 0
 Experimental lower gamma threshold:      200.0 keV (ch=  10)
 Upper threshold for statistical gammas:  430.0 keV (ch=  22)
 Average energy entry point in g.s. band:  300.(stat)     0.(tot)
 Sliding threshold given by Ex*R, with R = ****
 Multiplicities: MA = Af/Afg and ME = (Ex-ExEntry)/<Eg>

Iteration number:   1
Y-ch   Ex        Af        Ag       Afg  Mult    Sing Alpha MATot METot MASta MESta
131 15020.    23602.    17831.     5771. 9.36    1000  1.00  4.09  9.36  3.50  8.09
130 14900.    24057.    18184.     5873. 9.25       0  1.00  4.10  9.25  3.34  8.10
129 14780.    25172.    18613.     6559. 9.34    1000  1.00  3.84  9.34  3.26  8.10
128 14660.    25803.    18852.     6952. 9.34    1000  1.00  3.71  9.34  3.21  8.05
127 14540.    26580.    19224.     7356. 9.32    1000  1.00  3.61  9.32  3.13  8.03
126 14420.    27375.    19519.     7856. 9.33       0  1.00  3.48  9.33  2.99  8.08
125 14300.    27730.    19516.     8214. 9.33       0  1.00  3.38  9.33  2.92  8.07
124 14180.    28657.    20111.     8546. 9.24    1000  1.00  3.35  9.24  2.84  8.05
123 14060.    28965.    20090.     8875. 9.22    1000  1.00  3.26  9.22  2.81  7.98
122 13940.    30028.    20882.     9146. 9.08    1000  1.00  3.28  9.08  2.82  7.85
121 13820.    30560.    20576.     9984. 9.25    1000  1.00  3.06  9.25  2.64  8.02
120 13700.    30731.    20411.    10320. 9.25    1000  1.00  2.98  9.25  2.61  7.97
119 13580.    30825.    20619.    10206. 9.06    1000  1.00  3.02  9.06  2.62  7.83
118 13460.    32128.    20935.    11193. 9.17    1000  1.00  2.87  9.17  2.52  7.91
117 13340.    32613.    21146.    11467. 9.08    1000  1.00  2.84  9.08  2.50  7.82
116 13220.    32909.    21287.    11622. 8.98    1000  1.00  2.83  8.98  2.49  7.73
115 13100.    33712.    21505.    12208. 8.98    1000  1.00  2.76  8.98  2.42  7.75
114 12980.    34141.    21400.    12741. 9.00    1000  1.00  2.68  9.00  2.34  7.82
113 12860.    33854.    20663.    13190. 9.12    1000  1.00  2.57  9.12  2.30  7.83
112 12740.    34744.    20920.    13824. 9.11    1000  1.00  2.51  9.11  2.25  7.83
111 12620.    35087.    20937.    14150. 9.06    1000  1.00  2.48  9.06  2.26  7.71
110 12500.    36073.    20911.    15163. 9.19    1000  1.00  2.38  9.19  2.19  7.81
109 12380.    35605.    20524.    15080. 9.10    1000  1.00  2.36  9.10  2.17  7.75
108 12260.    35730.    20285.    15445. 9.10    1000  1.00  2.31  9.10  2.16  7.70
107 12140.    36608.    20314.    16293. 9.17    1000  1.00  2.25  9.17  2.10  7.76
106 12020.    36683.    20127.    16556. 9.12    1000  1.00  2.22  9.12  2.08  7.73
105 11900.    37127.    20267.    16860. 9.02    1000  1.00  2.20  9.02  2.05  7.70
104 11780.    36880.    19568.    17313. 9.12    1000  1.00  2.13  9.12  2.02  7.73
103 11660.    37494.    19900.    17594. 8.95    1000  1.00  2.13  8.95  2.05  7.51
102 11540.    37560.    19992.    17567. 8.76    1000  1.00  2.14  8.76  2.07  7.33
101 11420.    37759.    20423.    17336. 8.46    1000  1.00  2.18  8.46  2.09  7.14
100 11300.    38381.    20785.    17596. 8.27    1000  1.00  2.18  8.27  2.11  6.96
 99 11180.    38514.    20755.    17759. 8.14    1000  1.00  2.17  8.14  2.13  6.80
 98 11060.    38862.    21001.    17862. 7.94    1000  1.00  2.18  7.94  2.14  6.66
 97 10940.    40392.    22431.    17962. 7.55    1000  1.00  2.25  7.55  2.27  6.24
 96 10820.    41154.    23636.    17518. 7.12    1000  1.00  2.35  7.12  2.36  5.93
 95 10700.    41821.    25204.    16617. 6.62    1000  1.00  2.52  6.62  2.53  5.53
 94 10580.    43183.    26713.    16471. 6.29    1000  1.00  2.62  6.29  2.64  5.28
 93 10460.    43805.    27271.    16535. 6.09    1000  1.00  2.65  6.09  2.75  5.06
 92 10340.    43753.    26835.    16918. 6.02    1000  1.00  2.59  6.02  2.73  4.99
 91 10220.    44529.    26971.    17558. 5.94    1000  1.00  2.54  5.94  2.75  4.89
 90 10100.    42963.    26022.    16941. 5.79    1000  1.00  2.54  5.79  2.78  4.77
 89  9980.    41968.    24836.    17132. 5.78    1000  1.00  2.45  5.78  2.75  4.73
 88  9860.    40968.    23837.    17130. 5.74    1000  1.00  2.39  5.74  2.70  4.70
 87  9740.    39439.    22397.    17042. 5.74    1000  1.00  2.31  5.74  2.65  4.68
 86  9620.    37448.    20351.    17098. 5.87    1000  1.00  2.19  5.87  2.60  4.69
 85  9500.    36082.    18941.    17142. 5.95    1000  1.00  2.10  5.95  2.53  4.72
 84  9380.    33617.    16672.    16945. 6.18    1000  1.00  1.98  6.18  2.39  4.85
 83  9260.    30639.    13929.    16710. 6.63    1000  1.00  1.83  6.63  2.23  5.09
 82  9140.    27853.    11821.    16032. 6.98    1000  1.00  1.74  6.98  2.12  5.29
 81  9020.    25396.     9690.    15706. 7.65    1000  1.00  1.62  7.65  2.01  5.61
 80  8900.    22595.     7959.    14636. 8.17    1000  1.00  1.54  8.17  1.87  6.01
 79  8780.    20236.     6529.    13707. 8.80    1000  1.00  1.48  8.80  1.81  6.30
 78  8660.    17915.     5673.    12242. 8.85    1000  1.00  1.46  8.85  1.83  6.21
 77  8540.    16600.     5598.    11001. 8.21    1000  1.00  1.51  8.21  2.03  5.48
 76  8420.    16369.     6195.    10174. 7.22    1000  1.00  1.61  7.22  2.22  4.87
 75  8300.    16590.     7244.     9346. 6.18    1000  1.00  1.78  6.18  2.40  4.39
 74  8180.    18705.     9575.     9129. 5.20    1000  1.00  2.05  5.20  2.59  4.00
 73  8060.    24049.    14194.     9855. 4.46    1000  1.00  2.44  4.46  2.85  3.66
 72  7940.    32174.    20333.    11841. 4.11    1000  1.00  2.72  4.11  2.94  3.51
 71  7820.    42369.    27803.    14565. 3.90    1000  1.00  2.91  3.90  2.97  3.42
 70  7700.    51259.    34617.    16641. 3.74    1000  1.00  3.08  3.74  3.02  3.33
 69  7580.    58291.    39259.    19031. 3.70    1000  1.00  3.06  3.70  2.98  3.30
 68  7460.    62063.    41507.    20557. 3.67    1000  1.00  3.02  3.67  2.97  3.26
 67  7340.    62973.    42563.    20410. 3.58    1000  1.00  3.09  3.58  2.98  3.19
 66  7220.    64264.    43032.    21232. 3.56    1000  1.00  3.03  3.56  2.91  3.18
 65  7100.    64069.    42778.    21291. 3.52    1000  1.00  3.01  3.52  2.89  3.14
 64  6980.    65113.    43280.    21833. 3.48    1000  1.00  2.98  3.48  2.91  3.08
 63  6860.    65214.    43492.    21722. 3.41    1000  1.00  3.00  3.41  2.85  3.05
 62  6740.    66139.    43855.    22284. 3.38    1000  1.00  2.97  3.38  2.82  3.01
 61  6620.    66824.    44003.    22822. 3.35    1000  1.00  2.93  3.35  2.79  2.98
 60  6500.    66602.    44048.    22554. 3.28    1000  1.00  2.95  3.28  2.78  2.92
 59  6380.    67801.    44529.    23272. 3.25    1000  1.00  2.91  3.25  2.75  2.89
 58  6260.    68058.    44747.    23311. 3.19    1000  1.00  2.92  3.19  2.75  2.83
 57  6140.    68027.    44713.    23313. 3.14    1000  1.00  2.92  3.14  2.76  2.77
 56  6020.    67162.    43603.    23559. 3.12    1000  1.00  2.85  3.12  2.68  2.76
 55  5900.    67582.    43448.    24134. 3.10    1000  1.00  2.80  3.10  2.66  2.72
 54  5780.    67212.    42710.    24502. 3.08    1000  1.00  2.74  3.08  2.58  2.71
 53  5660.    67796.    42760.    25036. 3.04    1000  1.00  2.71  3.04  2.53  2.69
 52  5540.    69412.    43374.    26037. 3.02    1000  1.00  2.67  3.02  2.51  2.65
 51  5420.    69236.    43115.    26120. 2.97    1000  1.00  2.65  2.97  2.50  2.60
 50  5300.    68101.    42107.    25994. 2.94    1000  1.00  2.62  2.94  2.43  2.58
 49  5180.    67835.    42034.    25801. 2.88    1000  1.00  2.63  2.88  2.43  2.52
 48  5060.    66722.    40914.    25808. 2.85    1000  1.00  2.59  2.85  2.41  2.48
 47  4940.    67279.    41391.    25887. 2.79    1000  1.00  2.60  2.79  2.40  2.42
 46  4820.    68853.    43083.    25770. 2.69    1000  1.00  2.67  2.69  2.42  2.35
 45  4700.    70758.    43895.    26864. 2.65    1000  1.00  2.63  2.65  2.38  2.31
 44  4580.    69898.    43003.    26896. 2.62    1000  1.00  2.60  2.62  2.35  2.27
 43  4460.    66817.    40856.    25961. 2.58    1000  1.00  2.57  2.58  2.32  2.23
 42  4340.    65191.    39388.    25803. 2.55    1000  1.00  2.53  2.55  2.28  2.20
 41  4220.    63781.    38345.    25435. 2.51    1000  1.00  2.51  2.51  2.25  2.15
 40  4100.    62502.    37939.    24563. 2.42    1000  1.00  2.54  2.42  2.28  2.06
 39  3980.    61201.    37451.    23751. 2.34    1000  1.00  2.58  2.34  2.29  1.99
 38  3860.    61239.    36596.    24643. 2.34    1000  1.00  2.49  2.34  2.21  1.97
 37  3740.    64453.    37114.    27339. 2.36    1000  1.00  2.36  2.36  2.11  1.98
 36  3620.    70452.    38736.    31715. 2.34    1000  1.00  2.22  2.34  1.99  1.96
 35  3500.    70609.    40518.    30092. 2.18    1000  1.00  2.35  2.18  2.04  1.84
 34  3380.    69752.    41793.    27959. 2.04    1000  1.00  2.49  2.04  2.12  1.71
 33  3260.    69190.    41716.    27475. 1.97    1000  1.00  2.52  1.97  2.11  1.65
 32  3140.    63752.    37773.    25979. 1.93    1000  1.00  2.45  1.93  2.04  1.62
 31  3020.    54937.    31572.    23365. 1.91    1000  1.00  2.35  1.91  1.99  1.59
 30  2900.    49800.    27863.    21937. 1.88    1000  1.00  2.27  1.88  1.93  1.55
 29  2780.    48417.    26172.    22245. 1.86    1000  1.00  2.18  1.86  1.86  1.52
 28  2660.    51025.    26085.    24940. 1.87    1000  1.00  2.05  1.87  1.78  1.52
 27  2540.    62115.    29532.    32583. 1.91    1000  1.00  1.91  1.91  1.69  1.53
 26  2420.    92527.    38919.    53607. 2.04    1000  1.00  1.73  2.04  1.58  1.61
 25  2300.   115473.    44137.    71336. 2.11    1000  1.00  1.62  2.11  1.51  1.63
 24  2180.    87500.    32470.    55029. 2.02    1000  1.00  1.59  2.02  1.48  1.56
 23  2060.    53286.    20868.    32417. 1.78    1000  1.00  1.64  1.78  1.50  1.37
 22  1940.    39725.    17588.    22136. 1.44    1000  1.00  1.79  1.44  1.56  1.13
 21  1820.    35075.    16531.    18544. 1.24    1000  1.00  1.89  1.24  1.57  0.99
 20  1700.    22169.    10042.    12127. 1.16    1000  1.00  1.83  1.16  1.52  0.93
 19  1580.    10466.     3974.     6493. 1.25    1000  1.00  1.61  1.25  1.44  0.93
 18  1460.     6494.     1702.     4791. 1.63    1000  1.00  1.36  1.63  1.32  1.09
 17  1340.    12615.     2407.    10209. 2.00    1000  1.00  1.24  2.00  1.25  1.23
 16  1220.    38176.     6629.    31547. 1.94    1000  1.00  1.21  1.94  1.23  1.16
 15  1100.    72275.    12315.    59960. 1.72    1000  1.00  1.21  1.72  1.21  1.02
 14   980.    75405.    13233.    62171. 1.43    1000  1.00  1.21  1.43  1.18  0.87
 13   860.    82433.    14709.    67725. 1.16    1000  1.00  1.22  1.16  1.15  0.73
 12   740.    64726.    10587.    54140. 0.99    1000  1.00  1.20  0.99  1.14  0.58
 11   620.    24565.     3368.    21196. 0.86    1000  1.00  1.16  0.86  1.14  0.43
 10   500.     6979.      649.     6330. 0.81    1000  1.00  1.10  0.81  1.14  0.27
  9   380.     3827.      144.     3683. 1.01    1000  1.00  1.04  1.01  1.13  0.30
  8   260.     1098.        0.     1098. 0.52    1000  1.00  1.00  0.52  1.00  0.32
  7   140.       76.        0.       76. 0.25    1000  1.00  1.00  0.25  1.00  0.25
  6    20.        0.        0.        0. 0.00    1000  1.00  0.00  0.00  0.00  0.00

Iteration number:   2
Y-ch   Ex        Af        Ag       Afg  Mult    Sing Alpha MATot METot MASta MESta
131 15020.    23602.    22250.     1352. 9.36    1000  1.00 17.46  9.36 13.74  8.09
130 14900.    24057.    22865.     1192. 9.25       0  1.00 20.17  9.25 11.98  8.10
129 14780.    25172.    23590.     1581. 9.34    1000  1.00 15.92  9.34 11.59  8.10
128 14660.    25803.    24264.     1539. 9.34    1000  1.00 16.77  9.34 13.31  8.05
127 14540.    26580.    24903.     1678. 9.32    1000  1.00 15.84  9.32 12.57  8.03
126 14420.    27375.    25382.     1993. 9.33       0  1.00 13.74  9.33 10.45  8.08
125 14300.    27730.    25548.     2182. 9.33       0  1.00 12.71  9.33  9.86  8.07
124 14180.    28657.    26344.     2313. 9.24    1000  1.00 12.39  9.24  8.72  8.05
123 14060.    28965.    26671.     2294. 9.22    1000  1.00 12.63  9.22  9.33  7.98
122 13940.    30028.    27515.     2513. 9.08    1000  1.00 11.95  9.08  8.98  7.85
121 13820.    30560.    27298.     3262. 9.25    1000  1.00  9.37  9.25  7.33  8.02
120 13700.    30731.    27258.     3473. 9.25    1000  1.00  8.85  9.25  7.34  7.97
119 13580.    30825.    26987.     3838. 9.06    1000  1.00  8.03  9.06  6.55  7.83
118 13460.    32128.    28096.     4032. 9.17    1000  1.00  7.97  9.17  6.69  7.91
117 13340.    32613.    28354.     4259. 9.08    1000  1.00  7.66  9.08  6.43  7.82
116 13220.    32909.    27766.     5143. 8.98    1000  1.00  6.40  8.98  5.50  7.73
115 13100.    33712.    28359.     5353. 8.98    1000  1.00  6.30  8.98  5.32  7.75
114 12980.    34141.    28598.     5543. 9.00    1000  1.00  6.16  9.00  5.04  7.82
113 12860.    33854.    26948.     6906. 9.12    1000  1.00  4.90  9.12  4.37  7.83
112 12740.    34744.    27159.     7585. 9.11    1000  1.00  4.58  9.11  4.09  7.83
111 12620.    35087.    27630.     7458. 9.06    1000  1.00  4.70  9.06  4.31  7.71
110 12500.    36073.    27056.     9018. 9.19    1000  1.00  4.00  9.19  3.68  7.81
109 12380.    35605.    26701.     8903. 9.10    1000  1.00  4.00  9.10  3.64  7.75
108 12260.    35730.    26747.     8983. 9.10    1000  1.00  3.98  9.10  3.73  7.70
107 12140.    36608.    26920.     9687. 9.17    1000  1.00  3.78  9.17  3.52  7.76
106 12020.    36683.    26768.     9914. 9.12    1000  1.00  3.70  9.12  3.36  7.73
105 11900.    37127.    26675.    10452. 9.02    1000  1.00  3.55  9.02  3.13  7.70
104 11780.    36880.    25992.    10888. 9.12    1000  1.00  3.39  9.12  3.04  7.73
103 11660.    37494.    25928.    11566. 8.95    1000  1.00  3.24  8.95  3.00  7.51
102 11540.    37560.    26221.    11339. 8.76    1000  1.00  3.31  8.76  2.99  7.33
101 11420.    37759.    26566.    11193. 8.46    1000  1.00  3.37  8.46  2.94  7.14
100 11300.    38381.    26997.    11384. 8.27    1000  1.00  3.37  8.27  2.98  6.96
 99 11180.    38514.    27570.    10943. 8.14    1000  1.00  3.52  8.14  3.11  6.80
 98 11060.    38862.    28146.    10717. 7.94    1000  1.00  3.63  7.94  3.11  6.66
 97 10940.    40392.    29569.    10823. 7.55    1000  1.00  3.73  7.55  3.35  6.24
 96 10820.    41154.    29748.    11406. 7.12    1000  1.00  3.61  7.12  3.20  5.93
 95 10700.    41821.    27558.    14263. 6.62    1000  1.00  2.93  6.62  2.79  5.53
 94 10580.    43183.    29003.    14180. 6.29    1000  1.00  3.05  6.29  2.90  5.28
 93 10460.    43805.    30583.    13222. 6.09    1000  1.00  3.31  6.09  3.18  5.06
 92 10340.    43753.    30367.    13386. 6.02    1000  1.00  3.27  6.02  3.18  4.99
 91 10220.    44529.    32045.    12484. 5.94    1000  1.00  3.57  5.94  3.42  4.89
 90 10100.    42963.    31618.    11345. 5.79    1000  1.00  3.79  5.79  3.54  4.77
 89  9980.    41968.    31146.    10822. 5.78    1000  1.00  3.88  5.78  3.61  4.73
 88  9860.    40968.    30096.    10872. 5.74    1000  1.00  3.77  5.74  3.50  4.70
 87  9740.    39439.    28726.    10713. 5.74    1000  1.00  3.68  5.74  3.40  4.68
 86  9620.    37448.    25664.    11784. 5.87    1000  1.00  3.18  5.87  3.18  4.69
 85  9500.    36082.    24617.    11465. 5.95    1000  1.00  3.15  5.95  3.14  4.72
 84  9380.    33617.    20970.    12648. 6.18    1000  1.00  2.66  6.18  2.78  4.85
 83  9260.    30639.    17875.    12764. 6.63    1000  1.00  2.40  6.63  2.60  5.09
 82  9140.    27853.    14158.    13695. 6.98    1000  1.00  2.03  6.98  2.30  5.29
 81  9020.    25396.    11321.    14074. 7.65    1000  1.00  1.80  7.65  2.10  5.61
 80  8900.    22595.     8489.    14106. 8.17    1000  1.00  1.60  8.17  1.85  6.01
 79  8780.    20236.     6523.    13713. 8.80    1000  1.00  1.48  8.80  1.74  6.30
 78  8660.    17915.     5700.    12215. 8.85    1000  1.00  1.47  8.85  1.79  6.21
 77  8540.    16600.     5652.    10948. 8.21    1000  1.00  1.52  8.21  2.00  5.48
 76  8420.    16369.     6258.    10111. 7.22    1000  1.00  1.62  7.22  2.23  4.87
 75  8300.    16590.     7652.     8939. 6.18    1000  1.00  1.86  6.18  2.61  4.39
 74  8180.    18705.    10285.     8420. 5.20    1000  1.00  2.22  5.20  2.95  4.00
 73  8060.    24049.    15098.     8951. 4.46    1000  1.00  2.69  4.46  3.25  3.66
 72  7940.    32174.    21668.    10507. 4.11    1000  1.00  3.06  4.11  3.40  3.51
 71  7820.    42369.    29538.    12831. 3.90    1000  1.00  3.30  3.90  3.42  3.42
 70  7700.    51259.    36310.    14949. 3.74    1000  1.00  3.43  3.74  3.36  3.33
 69  7580.    58291.    40851.    17440. 3.70    1000  1.00  3.34  3.70  3.25  3.30
 68  7460.    62063.    43271.    18793. 3.67    1000  1.00  3.30  3.67  3.25  3.26
 67  7340.    62973.    44152.    18821. 3.58    1000  1.00  3.35  3.58  3.25  3.19
 66  7220.    64264.    44593.    19671. 3.56    1000  1.00  3.27  3.56  3.14  3.18
 65  7100.    64069.    44316.    19753. 3.52    1000  1.00  3.24  3.52  3.12  3.14
 64  6980.    65113.    44698.    20415. 3.48    1000  1.00  3.19  3.48  3.11  3.08
 63  6860.    65214.    44462.    20752. 3.41    1000  1.00  3.14  3.41  3.00  3.05
 62  6740.    66139.    44787.    21351. 3.38    1000  1.00  3.10  3.38  2.95  3.01
 61  6620.    66824.    45163.    21662. 3.35    1000  1.00  3.08  3.35  2.92  2.98
 60  6500.    66602.    44635.    21967. 3.28    1000  1.00  3.03  3.28  2.86  2.92
 59  6380.    67801.    45108.    22694. 3.25    1000  1.00  2.99  3.25  2.82  2.89
 58  6260.    68058.    44477.    23581. 3.19    1000  1.00  2.89  3.19  2.73  2.83
 57  6140.    68027.    44411.    23616. 3.14    1000  1.00  2.88  3.14  2.74  2.77
 56  6020.    67162.    43643.    23519. 3.12    1000  1.00  2.86  3.12  2.70  2.76
 55  5900.    67582.    43561.    24020. 3.10    1000  1.00  2.81  3.10  2.69  2.72
 54  5780.    67212.    43353.    23860. 3.08    1000  1.00  2.82  3.08  2.67  2.71
 53  5660.    67796.    43883.    23913. 3.04    1000  1.00  2.84  3.04  2.66  2.69
 52  5540.    69412.    44557.    24855. 3.02    1000  1.00  2.79  3.02  2.65  2.65
 51  5420.    69236.    43843.    25393. 2.97    1000  1.00  2.73  2.97  2.60  2.60
 50  5300.    68101.    43339.    24762. 2.94    1000  1.00  2.75  2.94  2.56  2.58
 49  5180.    67835.    43137.    24698. 2.88    1000  1.00  2.75  2.88  2.54  2.52
 48  5060.    66722.    41830.    24892. 2.85    1000  1.00  2.68  2.85  2.50  2.48
 47  4940.    67279.    41782.    25496. 2.79    1000  1.00  2.64  2.79  2.45  2.42
 46  4820.    68853.    43030.    25823. 2.69    1000  1.00  2.67  2.69  2.42  2.35
 45  4700.    70758.    43439.    27320. 2.65    1000  1.00  2.59  2.65  2.37  2.31
 44  4580.    69898.    42161.    27737. 2.62    1000  1.00  2.52  2.62  2.31  2.27
 43  4460.    66817.    40414.    26403. 2.58    1000  1.00  2.53  2.58  2.30  2.23
 42  4340.    65191.    39193.    25998. 2.55    1000  1.00  2.51  2.55  2.28  2.20
 41  4220.    63781.    37978.    25802. 2.51    1000  1.00  2.47  2.51  2.22  2.15
 40  4100.    62502.    35843.    26659. 2.42    1000  1.00  2.34  2.42  2.10  2.06
 39  3980.    61201.    34252.    26949. 2.34    1000  1.00  2.27  2.34  2.02  1.99
 38  3860.    61239.    34365.    26874. 2.34    1000  1.00  2.28  2.34  2.03  1.97
 37  3740.    64453.    37083.    27370. 2.36    1000  1.00  2.35  2.36  2.10  1.98
 36  3620.    70452.    41705.    28747. 2.34    1000  1.00  2.45  2.34  2.16  1.96
 35  3500.    70609.    40868.    29742. 2.18    1000  1.00  2.37  2.18  2.02  1.84
 34  3380.    69752.    38200.    31553. 2.04    1000  1.00  2.21  2.04  1.86  1.71
 33  3260.    69190.    35686.    33504. 1.97    1000  1.00  2.07  1.97  1.78  1.65
 32  3140.    63752.    31750.    32001. 1.93    1000  1.00  1.99  1.93  1.75  1.62
 31  3020.    54937.    27911.    27026. 1.91    1000  1.00  2.03  1.91  1.80  1.59
 30  2900.    49800.    26282.    23517. 1.88    1000  1.00  2.12  1.88  1.81  1.55
 29  2780.    48417.    25656.    22762. 1.86    1000  1.00  2.13  1.86  1.80  1.52
 28  2660.    51025.    27928.    23097. 1.87    1000  1.00  2.21  1.87  1.84  1.52
 27  2540.    62115.    37262.    24852. 1.91    1000  1.00  2.50  1.91  1.97  1.53
 26  2420.    92527.    55735.    36792. 2.04    1000  1.00  2.51  2.04  2.11  1.61
 25  2300.   115473.    66672.    48801. 2.11    1000  1.00  2.37  2.11  2.13  1.63
 24  2180.    87500.    49752.    37748. 2.02    1000  1.00  2.32  2.02  2.10  1.56
 23  2060.    53286.    27600.    25686. 1.78    1000  1.00  2.07  1.78  1.85  1.37
 22  1940.    39725.    17539.    22185. 1.44    1000  1.00  1.79  1.44  1.53  1.13
 21  1820.    35075.    11370.    23705. 1.24    1000  1.00  1.48  1.24  1.31  0.99
 20  1700.    22169.     5678.    16491. 1.16    1000  1.00  1.34  1.16  1.25  0.93
 19  1580.    10466.     4534.     5933. 1.25    1000  1.00  1.76  1.25  1.51  0.93
 18  1460.     6494.     3771.     2723. 1.63    1000  1.00  2.39  1.63  2.20  1.09
 17  1340.    12615.     6642.     5973. 2.00    1000  1.00  2.11  2.00  2.48  1.23
 16  1220.    38176.    18734.    19442. 1.94    1000  1.00  1.96  1.94  2.20  1.16
 15  1100.    72275.    33021.    39254. 1.72    1000  1.00  1.84  1.72  1.89  1.02
 14   980.    75405.    25040.    50365. 1.43    1000  1.00  1.50  1.43  1.52  0.87
 13   860.    82433.    17217.    65217. 1.16    1000  1.00  1.26  1.16  1.21  0.73
 12   740.    64726.     3827.    60900. 0.99    1000  1.00  1.06  0.99  1.03  0.58
 11   620.    24565.     1488.    23076. 0.86    1000  1.00  1.06  0.86  1.05  0.43
 10   500.     6979.      914.     6065. 0.81    1000  1.00  1.15  0.81  1.18  0.27
  9   380.     3827.      643.     3184. 1.01    1000  1.00  1.20  1.01  2.00  0.30
  8   260.     1098.        0.     1098. 0.52    1000  1.00  1.00  0.52  1.00  0.32
  7   140.       76.        0.       76. 0.25    1000  1.00  1.00  0.25  1.00  0.25
  6    20.        0.        0.        0. 0.00    1000  1.00  0.00  0.00  0.00  0.00

Iteration number:   3
Y-ch   Ex        Af        Ag       Afg  Mult    Sing Alpha MATot METot MASta MESta
131 15020.    23602.    20498.     3103. 9.36    1000  1.00  7.61  9.36  6.37  8.09
130 14900.    24057.    21328.     2730. 9.25       0  1.00  8.81  9.25  6.45  8.10
129 14780.    25172.    21905.     3267. 9.34    1000  1.00  7.71  9.34  6.12  8.10
128 14660.    25803.    22052.     3752. 9.34    1000  1.00  6.88  9.34  5.74  8.05
127 14540.    26580.    22864.     3716. 9.32    1000  1.00  7.15  9.32  5.93  8.03
126 14420.    27375.    23623.     3753. 9.33       0  1.00  7.30  9.33  5.89  8.08
125 14300.    27730.    23868.     3862. 9.33       0  1.00  7.18  9.33  5.79  8.07
124 14180.    28657.    24449.     4208. 9.24    1000  1.00  6.81  9.24  5.26  8.05
123 14060.    28965.    24888.     4078. 9.22    1000  1.00  7.10  9.22  5.53  7.98
122 13940.    30028.    25349.     4679. 9.08    1000  1.00  6.42  9.08  5.18  7.85
121 13820.    30560.    25420.     5140. 9.25    1000  1.00  5.95  9.25  4.91  8.02
120 13700.    30731.    25367.     5364. 9.25    1000  1.00  5.73  9.25  4.88  7.97
119 13580.    30825.    25231.     5595. 9.06    1000  1.00  5.51  9.06  4.69  7.83
118 13460.    32128.    26056.     6072. 9.17    1000  1.00  5.29  9.17  4.60  7.91
117 13340.    32613.    26308.     6305. 9.08    1000  1.00  5.17  9.08  4.45  7.82
116 13220.    32909.    26563.     6346. 8.98    1000  1.00  5.19  8.98  4.54  7.73
115 13100.    33712.    27030.     6682. 8.98    1000  1.00  5.05  8.98  4.34  7.75
114 12980.    34141.    26825.     7317. 9.00    1000  1.00  4.67  9.00  3.94  7.82
113 12860.    33854.    26204.     7650. 9.12    1000  1.00  4.43  9.12  3.92  7.83
112 12740.    34744.    26775.     7969. 9.11    1000  1.00  4.36  9.11  3.83  7.83
111 12620.    35087.    26839.     8248. 9.06    1000  1.00  4.25  9.06  3.82  7.71
110 12500.    36073.    26924.     9149. 9.19    1000  1.00  3.94  9.19  3.53  7.81
109 12380.    35605.    26734.     8871. 9.10    1000  1.00  4.01  9.10  3.55  7.75
108 12260.    35730.    26365.     9366. 9.10    1000  1.00  3.82  9.10  3.43  7.70
107 12140.    36608.    26351.    10256. 9.17    1000  1.00  3.57  9.17  3.17  7.76
106 12020.    36683.    26978.     9705. 9.12    1000  1.00  3.78  9.12  3.25  7.73
105 11900.    37127.    27149.     9978. 9.02    1000  1.00  3.72  9.02  3.07  7.70
104 11780.    36880.    26653.    10227. 9.12    1000  1.00  3.61  9.12  3.02  7.73
103 11660.    37494.    27002.    10492. 8.95    1000  1.00  3.57  8.95  3.07  7.51
102 11540.    37560.    27423.    10137. 8.76    1000  1.00  3.71  8.76  3.15  7.33
101 11420.    37759.    28194.     9565. 8.46    1000  1.00  3.95  8.46  3.14  7.14
100 11300.    38381.    28939.     9442. 8.27    1000  1.00  4.07  8.27  3.19  6.96
 99 11180.    38514.    29333.     9180. 8.14    1000  1.00  4.20  8.14  3.33  6.80
 98 11060.    38862.    30424.     8439. 7.94    1000  1.00  4.61  7.94  3.43  6.66
 97 10940.    40392.    32943.     7449. 7.55    1000  1.00  5.42  7.55  3.99  6.24
 96 10820.    41154.    35161.     5993. 7.12    1000  1.00  6.87  7.12  4.33  5.93
 95 10700.    41821.    33999.     7822. 6.62    1000  1.00  5.35  6.62  3.99  5.53
 94 10580.    43183.    34614.     8569. 6.29    1000  1.00  5.04  6.29  3.93  5.28
 93 10460.    43805.    33283.    10522. 6.09    1000  1.00  4.16  6.09  3.50  5.06
 92 10340.    43753.    31516.    12236. 6.02    1000  1.00  3.58  6.02  3.27  4.99
 91 10220.    44529.    33096.    11433. 5.94    1000  1.00  3.89  5.94  3.53  4.89
 90 10100.    42963.    31969.    10995. 5.79    1000  1.00  3.91  5.79  3.51  4.77
 89  9980.    41968.    31605.    10363. 5.78    1000  1.00  4.05  5.78  3.61  4.73
 88  9860.    40968.    30212.    10755. 5.74    1000  1.00  3.81  5.74  3.46  4.70
 87  9740.    39439.    28591.    10849. 5.74    1000  1.00  3.64  5.74  3.33  4.68
 86  9620.    37448.    25491.    11957. 5.87    1000  1.00  3.13  5.87  3.13  4.69
 85  9500.    36082.    24466.    11616. 5.95    1000  1.00  3.11  5.95  3.10  4.72
 84  9380.    33617.    20862.    12755. 6.18    1000  1.00  2.64  6.18  2.76  4.85
 83  9260.    30639.    17829.    12810. 6.63    1000  1.00  2.39  6.63  2.59  5.09
 82  9140.    27853.    14049.    13804. 6.98    1000  1.00  2.02  6.98  2.28  5.29
 81  9020.    25396.    11269.    14126. 7.65    1000  1.00  1.80  7.65  2.09  5.61
 80  8900.    22595.     8407.    14188. 8.17    1000  1.00  1.59  8.17  1.84  6.01
 79  8780.    20236.     6510.    13726. 8.80    1000  1.00  1.47  8.80  1.74  6.30
 78  8660.    17915.     5708.    12207. 8.85    1000  1.00  1.47  8.85  1.80  6.21
 77  8540.    16600.     5698.    10902. 8.21    1000  1.00  1.52  8.21  2.02  5.48
 76  8420.    16369.     6302.    10067. 7.22    1000  1.00  1.63  7.22  2.25  4.87
 75  8300.    16590.     7718.     8872. 6.18    1000  1.00  1.87  6.18  2.64  4.39
 74  8180.    18705.    10276.     8429. 5.20    1000  1.00  2.22  5.20  2.95  4.00
 73  8060.    24049.    15086.     8963. 4.46    1000  1.00  2.68  4.46  3.24  3.66
 72  7940.    32174.    21679.    10495. 4.11    1000  1.00  3.07  4.11  3.40  3.51
 71  7820.    42369.    29545.    12823. 3.90    1000  1.00  3.30  3.90  3.42  3.42
 70  7700.    51259.    36262.    14997. 3.74    1000  1.00  3.42  3.74  3.35  3.33
 69  7580.    58291.    40904.    17386. 3.70    1000  1.00  3.35  3.70  3.26  3.30
 68  7460.    62063.    43299.    18765. 3.67    1000  1.00  3.31  3.67  3.26  3.26
 67  7340.    62973.    44206.    18766. 3.58    1000  1.00  3.36  3.58  3.26  3.19
 66  7220.    64264.    44779.    19485. 3.56    1000  1.00  3.30  3.56  3.17  3.18
 65  7100.    64069.    44490.    19579. 3.52    1000  1.00  3.27  3.52  3.14  3.14
 64  6980.    65113.    44848.    20265. 3.48    1000  1.00  3.21  3.48  3.13  3.08
 63  6860.    65214.    44537.    20677. 3.41    1000  1.00  3.15  3.41  3.01  3.05
 62  6740.    66139.    45026.    21113. 3.38    1000  1.00  3.13  3.38  2.99  3.01
 61  6620.    66824.    45487.    21337. 3.35    1000  1.00  3.13  3.35  2.96  2.98
 60  6500.    66602.    44973.    21628. 3.28    1000  1.00  3.08  3.28  2.90  2.92
 59  6380.    67801.    45312.    22489. 3.25    1000  1.00  3.01  3.25  2.85  2.89
 58  6260.    68058.    44864.    23194. 3.19    1000  1.00  2.93  3.19  2.78  2.83
 57  6140.    68027.    44816.    23211. 3.14    1000  1.00  2.93  3.14  2.79  2.77
 56  6020.    67162.    43958.    23204. 3.12    1000  1.00  2.89  3.12  2.73  2.76
 55  5900.    67582.    43997.    23585. 3.10    1000  1.00  2.87  3.10  2.74  2.72
 54  5780.    67212.    43501.    23711. 3.08    1000  1.00  2.83  3.08  2.69  2.71
 53  5660.    67796.    43992.    23804. 3.04    1000  1.00  2.85  3.04  2.67  2.69
 52  5540.    69412.    44647.    24765. 3.02    1000  1.00  2.80  3.02  2.66  2.65
 51  5420.    69236.    44099.    25137. 2.97    1000  1.00  2.75  2.97  2.62  2.60
 50  5300.    68101.    43548.    24553. 2.94    1000  1.00  2.77  2.94  2.58  2.58
 49  5180.    67835.    43219.    24616. 2.88    1000  1.00  2.76  2.88  2.55  2.52
 48  5060.    66722.    41761.    24961. 2.85    1000  1.00  2.67  2.85  2.50  2.48
 47  4940.    67279.    41764.    25515. 2.79    1000  1.00  2.64  2.79  2.46  2.42
 46  4820.    68853.    43162.    25691. 2.69    1000  1.00  2.68  2.69  2.44  2.35
 45  4700.    70758.    43574.    27184. 2.65    1000  1.00  2.60  2.65  2.39  2.31
 44  4580.    69898.    42530.    27368. 2.62    1000  1.00  2.55  2.62  2.34  2.27
 43  4460.    66817.    40728.    26089. 2.58    1000  1.00  2.56  2.58  2.33  2.23
 42  4340.    65191.    39436.    25755. 2.55    1000  1.00  2.53  2.55  2.31  2.20
 41  4220.    63781.    38211.    25569. 2.51    1000  1.00  2.49  2.51  2.25  2.15
 40  4100.    62502.    36416.    26086. 2.42    1000  1.00  2.40  2.42  2.14  2.06
 39  3980.    61201.    36027.    25174. 2.34    1000  1.00  2.43  2.34  2.16  1.99
 38  3860.    61239.    35707.    25532. 2.34    1000  1.00  2.40  2.34  2.14  1.97
 37  3740.    64453.    37963.    26490. 2.36    1000  1.00  2.43  2.36  2.17  1.98
 36  3620.    70452.    41027.    29425. 2.34    1000  1.00  2.39  2.34  2.14  1.96
 35  3500.    70609.    40497.    30112. 2.18    1000  1.00  2.34  2.18  2.03  1.84
 34  3380.    69752.    39831.    29921. 2.04    1000  1.00  2.33  2.04  1.99  1.71
 33  3260.    69190.    38627.    30563. 1.97    1000  1.00  2.26  1.97  1.95  1.65
 32  3140.    63752.    34583.    29168. 1.93    1000  1.00  2.19  1.93  1.89  1.62
 31  3020.    54937.    29409.    25529. 1.91    1000  1.00  2.15  1.91  1.89  1.59
 30  2900.    49800.    27308.    22492. 1.88    1000  1.00  2.21  1.88  1.87  1.55
 29  2780.    48417.    26417.    22001. 1.86    1000  1.00  2.20  1.86  1.85  1.52
 28  2660.    51025.    28032.    22992. 1.87    1000  1.00  2.22  1.87  1.85  1.52
 27  2540.    62115.    34893.    27222. 1.91    1000  1.00  2.28  1.91  1.82  1.53
 26  2420.    92527.    52578.    39949. 2.04    1000  1.00  2.32  2.04  1.91  1.61
 25  2300.   115473.    63526.    51947. 2.11    1000  1.00  2.22  2.11  1.99  1.63
 24  2180.    87500.    45806.    41694. 2.02    1000  1.00  2.10  2.02  1.98  1.56
 23  2060.    53286.    26571.    26715. 1.78    1000  1.00  1.99  1.78  1.83  1.37
 22  1940.    39725.    18226.    21498. 1.44    1000  1.00  1.85  1.44  1.58  1.13
 21  1820.    35075.    13634.    21441. 1.24    1000  1.00  1.64  1.24  1.41  0.99
 20  1700.    22169.     7255.    14914. 1.16    1000  1.00  1.49  1.16  1.34  0.93
 19  1580.    10466.     4057.     6409. 1.25    1000  1.00  1.63  1.25  1.44  0.93
 18  1460.     6494.     3410.     3084. 1.63    1000  1.00  2.11  1.63  1.84  1.09
 17  1340.    12615.     6911.     5704. 2.00    1000  1.00  2.21  2.00  2.54  1.23
 16  1220.    38176.    18421.    19755. 1.94    1000  1.00  1.93  1.94  2.32  1.16
 15  1100.    72275.    31595.    40680. 1.72    1000  1.00  1.78  1.72  1.94  1.02
 14   980.    75405.    25209.    50196. 1.43    1000  1.00  1.50  1.43  1.54  0.87
 13   860.    82433.    16985.    65448. 1.16    1000  1.00  1.26  1.16  1.21  0.73
 12   740.    64726.     4725.    60002. 0.99    1000  1.00  1.08  0.99  1.05  0.58
 11   620.    24565.     1424.    23141. 0.86    1000  1.00  1.06  0.86  1.05  0.43
 10   500.     6979.      871.     6108. 0.81    1000  1.00  1.14  0.81  1.17  0.27
  9   380.     3827.      664.     3163. 1.01    1000  1.00  1.21  1.01  2.06  0.30
  8   260.     1098.        0.     1098. 0.52    1000  1.00  1.00  0.52  1.00  0.32
  7   140.       76.        0.       76. 0.25    1000  1.00  1.00  0.25  1.00  0.25
  6    20.        0.        0.        0. 0.00    1000  1.00  0.00  0.00  0.00  0.00

Iteration number:   4
Y-ch   Ex        Af        Ag       Afg  Mult    Sing Alpha MATot METot MASta MESta
131 15020.    23602.    21694.     1908. 9.36    1000  1.00 12.37  9.36  9.92  8.09
130 14900.    24057.    22284.     1774. 9.25       0  1.00 13.56  9.25  8.93  8.10
129 14780.    25172.    22955.     2217. 9.34    1000  1.00 11.35  9.34  8.59  8.10
128 14660.    25803.    23684.     2119. 9.34    1000  1.00 12.18  9.34  9.71  8.05
127 14540.    26580.    24086.     2494. 9.32    1000  1.00 10.66  9.32  8.59  8.03
126 14420.    27375.    24567.     2808. 9.33       0  1.00  9.75  9.33  7.61  8.08
125 14300.    27730.    24667.     3062. 9.33       0  1.00  9.05  9.33  7.18  8.07
124 14180.    28657.    25507.     3149. 9.24    1000  1.00  9.10  9.24  6.77  8.05
123 14060.    28965.    25770.     3195. 9.22    1000  1.00  9.07  9.22  6.94  7.98
122 13940.    30028.    26450.     3578. 9.08    1000  1.00  8.39  9.08  6.61  7.85
121 13820.    30560.    26281.     4278. 9.25    1000  1.00  7.14  9.25  5.79  8.02
120 13700.    30731.    26082.     4650. 9.25    1000  1.00  6.61  9.25  5.60  7.97
119 13580.    30825.    25979.     4847. 9.06    1000  1.00  6.36  9.06  5.34  7.83
118 13460.    32128.    26773.     5355. 9.17    1000  1.00  6.00  9.17  5.18  7.91
117 13340.    32613.    27101.     5512. 9.08    1000  1.00  5.92  9.08  5.08  7.82
116 13220.    32909.    26940.     5969. 8.98    1000  1.00  5.51  8.98  4.80  7.73
115 13100.    33712.    27399.     6313. 8.98    1000  1.00  5.34  8.98  4.57  7.75
114 12980.    34141.    27185.     6956. 9.00    1000  1.00  4.91  9.00  4.14  7.82
113 12860.    33854.    26337.     7516. 9.12    1000  1.00  4.50  9.12  4.00  7.83
112 12740.    34744.    26781.     7963. 9.11    1000  1.00  4.36  9.11  3.85  7.83
111 12620.    35087.    26943.     8145. 9.06    1000  1.00  4.31  9.06  3.89  7.71
110 12500.    36073.    26889.     9184. 9.19    1000  1.00  3.93  9.19  3.53  7.81
109 12380.    35605.    26721.     8884. 9.10    1000  1.00  4.01  9.10  3.55  7.75
108 12260.    35730.    26362.     9368. 9.10    1000  1.00  3.81  9.10  3.45  7.70
107 12140.    36608.    26236.    10372. 9.17    1000  1.00  3.53  9.17  3.16  7.76
106 12020.    36683.    26917.     9765. 9.12    1000  1.00  3.76  9.12  3.26  7.73
105 11900.    37127.    27010.    10117. 9.02    1000  1.00  3.67  9.02  3.06  7.70
104 11780.    36880.    26599.    10281. 9.12    1000  1.00  3.59  9.12  3.07  7.73
103 11660.    37494.    26887.    10607. 8.95    1000  1.00  3.53  8.95  3.05  7.51
102 11540.    37560.    27390.    10170. 8.76    1000  1.00  3.69  8.76  3.15  7.33
101 11420.    37759.    28021.     9738. 8.46    1000  1.00  3.88  8.46  3.10  7.14
100 11300.    38381.    28683.     9697. 8.27    1000  1.00  3.96  8.27  3.13  6.96
 99 11180.    38514.    29160.     9353. 8.14    1000  1.00  4.12  8.14  3.29  6.80
 98 11060.    38862.    30336.     8527. 7.94    1000  1.00  4.56  7.94  3.40  6.66
 97 10940.    40392.    32901.     7491. 7.55    1000  1.00  5.39  7.55  3.92  6.24
 96 10820.    41154.    35703.     5451. 7.12    1000  1.00  7.55  7.12  4.42  5.93
 95 10700.    41821.    36843.     4978. 6.62    1000  1.00  8.40  6.62  4.75  5.53
 94 10580.    43183.    37304.     5880. 6.29    1000  1.00  7.34  6.29  4.58  5.28
 93 10460.    43805.    33151.    10654. 6.09    1000  1.00  4.11  6.09  3.49  5.06
 92 10340.    43753.    31389.    12363. 6.02    1000  1.00  3.54  6.02  3.25  4.99
 91 10220.    44529.    33135.    11394. 5.94    1000  1.00  3.91  5.94  3.54  4.89
 90 10100.    42963.    32028.    10935. 5.79    1000  1.00  3.93  5.79  3.53  4.77
 89  9980.    41968.    31587.    10381. 5.78    1000  1.00  4.04  5.78  3.61  4.73
 88  9860.    40968.    30203.    10765. 5.74    1000  1.00  3.81  5.74  3.46  4.70
 87  9740.    39439.    28609.    10830. 5.74    1000  1.00  3.64  5.74  3.34  4.68
 86  9620.    37448.    25497.    11951. 5.87    1000  1.00  3.13  5.87  3.14  4.69
 85  9500.    36082.    24464.    11618. 5.95    1000  1.00  3.11  5.95  3.10  4.72
 84  9380.    33617.    20859.    12758. 6.18    1000  1.00  2.63  6.18  2.76  4.85
 83  9260.    30639.    17827.    12812. 6.63    1000  1.00  2.39  6.63  2.59  5.09
 82  9140.    27853.    14045.    13809. 6.98    1000  1.00  2.02  6.98  2.28  5.29
 81  9020.    25396.    11266.    14130. 7.65    1000  1.00  1.80  7.65  2.09  5.61
 80  8900.    22595.     8404.    14191. 8.17    1000  1.00  1.59  8.17  1.84  6.01
 79  8780.    20236.     6512.    13724. 8.80    1000  1.00  1.47  8.80  1.74  6.30
 78  8660.    17915.     5707.    12208. 8.85    1000  1.00  1.47  8.85  1.80  6.21
 77  8540.    16600.     5692.    10908. 8.21    1000  1.00  1.52  8.21  2.02  5.48
 76  8420.    16369.     6302.    10067. 7.22    1000  1.00  1.63  7.22  2.25  4.87
 75  8300.    16590.     7721.     8869. 6.18    1000  1.00  1.87  6.18  2.64  4.39
 74  8180.    18705.    10279.     8426. 5.20    1000  1.00  2.22  5.20  2.95  4.00
 73  8060.    24049.    15090.     8959. 4.46    1000  1.00  2.68  4.46  3.25  3.66
 72  7940.    32174.    21687.    10487. 4.11    1000  1.00  3.07  4.11  3.40  3.51
 71  7820.    42369.    29555.    12813. 3.90    1000  1.00  3.31  3.90  3.42  3.42
 70  7700.    51259.    36270.    14989. 3.74    1000  1.00  3.42  3.74  3.35  3.33
 69  7580.    58291.    40912.    17379. 3.70    1000  1.00  3.35  3.70  3.26  3.30
 68  7460.    62063.    43306.    18757. 3.67    1000  1.00  3.31  3.67  3.26  3.26
 67  7340.    62973.    44206.    18766. 3.58    1000  1.00  3.36  3.58  3.26  3.19
 66  7220.    64264.    44774.    19490. 3.56    1000  1.00  3.30  3.56  3.17  3.18
 65  7100.    64069.    44485.    19584. 3.52    1000  1.00  3.27  3.52  3.14  3.14
 64  6980.    65113.    44840.    20273. 3.48    1000  1.00  3.21  3.48  3.13  3.08
 63  6860.    65214.    44517.    20698. 3.41    1000  1.00  3.15  3.41  3.01  3.05
 62  6740.    66139.    45000.    21139. 3.38    1000  1.00  3.13  3.38  2.98  3.01
 61  6620.    66824.    45464.    21361. 3.35    1000  1.00  3.13  3.35  2.96  2.98
 60  6500.    66602.    44943.    21659. 3.28    1000  1.00  3.08  3.28  2.90  2.92
 59  6380.    67801.    45296.    22505. 3.25    1000  1.00  3.01  3.25  2.85  2.89
 58  6260.    68058.    44811.    23248. 3.19    1000  1.00  2.93  3.19  2.77  2.83
 57  6140.    68027.    44762.    23265. 3.14    1000  1.00  2.92  3.14  2.78  2.77
 56  6020.    67162.    43911.    23252. 3.12    1000  1.00  2.89  3.12  2.73  2.76
 55  5900.    67582.    43948.    23634. 3.10    1000  1.00  2.86  3.10  2.74  2.72
 54  5780.    67212.    43508.    23704. 3.08    1000  1.00  2.84  3.08  2.69  2.71
 53  5660.    67796.    44007.    23789. 3.04    1000  1.00  2.85  3.04  2.68  2.69
 52  5540.    69412.    44677.    24735. 3.02    1000  1.00  2.81  3.02  2.67  2.65
 51  5420.    69236.    44073.    25162. 2.97    1000  1.00  2.75  2.97  2.62  2.60
 50  5300.    68101.    43520.    24581. 2.94    1000  1.00  2.77  2.94  2.58  2.58
 49  5180.    67835.    43214.    24622. 2.88    1000  1.00  2.76  2.88  2.55  2.52
 48  5060.    66722.    41880.    24843. 2.85    1000  1.00  2.69  2.85  2.51  2.48
 47  4940.    67279.    41840.    25439. 2.79    1000  1.00  2.64  2.79  2.46  2.42
 46  4820.    68853.    43284.    25569. 2.69    1000  1.00  2.69  2.69  2.44  2.35
 45  4700.    70758.    43530.    27229. 2.65    1000  1.00  2.60  2.65  2.38  2.31
 44  4580.    69898.    42460.    27438. 2.62    1000  1.00  2.55  2.62  2.34  2.27
 43  4460.    66817.    40653.    26165. 2.58    1000  1.00  2.55  2.58  2.32  2.23
 42  4340.    65191.    39308.    25884. 2.55    1000  1.00  2.52  2.55  2.29  2.20
 41  4220.    63781.    38207.    25574. 2.51    1000  1.00  2.49  2.51  2.24  2.15
 40  4100.    62502.    36611.    25890. 2.42    1000  1.00  2.41  2.42  2.16  2.06
 39  3980.    61201.    35569.    25632. 2.34    1000  1.00  2.39  2.34  2.12  1.99
 38  3860.    61239.    35397.    25842. 2.34    1000  1.00  2.37  2.34  2.11  1.97
 37  3740.    64453.    37426.    27027. 2.36    1000  1.00  2.38  2.36  2.13  1.98
 36  3620.    70452.    41116.    29335. 2.34    1000  1.00  2.40  2.34  2.13  1.96
 35  3500.    70609.    40934.    29675. 2.18    1000  1.00  2.38  2.18  2.04  1.84
 34  3380.    69752.    39257.    30495. 2.04    1000  1.00  2.29  2.04  1.93  1.71
 33  3260.    69190.    37418.    31772. 1.97    1000  1.00  2.18  1.97  1.88  1.65
 32  3140.    63752.    33295.    30457. 1.93    1000  1.00  2.09  1.93  1.83  1.62
 31  3020.    54937.    28671.    26267. 1.91    1000  1.00  2.09  1.91  1.85  1.59
 30  2900.    49800.    26860.    22940. 1.88    1000  1.00  2.17  1.88  1.85  1.55
 29  2780.    48417.    26248.    22170. 1.86    1000  1.00  2.18  1.86  1.84  1.52
 28  2660.    51025.    28127.    22898. 1.87    1000  1.00  2.23  1.87  1.85  1.52
 27  2540.    62115.    35934.    26181. 1.91    1000  1.00  2.37  1.91  1.89  1.53
 26  2420.    92527.    52707.    39820. 2.04    1000  1.00  2.32  2.04  1.94  1.61
 25  2300.   115473.    62616.    52857. 2.11    1000  1.00  2.18  2.11  1.96  1.63
 24  2180.    87500.    45945.    41554. 2.02    1000  1.00  2.11  2.02  1.99  1.56
 23  2060.    53286.    26862.    26423. 1.78    1000  1.00  2.02  1.78  1.86  1.37
 22  1940.    39725.    18095.    21630. 1.44    1000  1.00  1.84  1.44  1.57  1.13
 21  1820.    35075.    12392.    22682. 1.24    1000  1.00  1.55  1.24  1.36  0.99
 20  1700.    22169.     6220.    15949. 1.16    1000  1.00  1.39  1.16  1.28  0.93
 19  1580.    10466.     4361.     6105. 1.25    1000  1.00  1.71  1.25  1.49  0.93
 18  1460.     6494.     3463.     3031. 1.63    1000  1.00  2.14  1.63  1.91  1.09
 17  1340.    12615.     6802.     5814. 2.00    1000  1.00  2.17  2.00  2.48  1.23
 16  1220.    38176.    18845.    19331. 1.94    1000  1.00  1.97  1.94  2.43  1.16
 15  1100.    72275.    31674.    40602. 1.72    1000  1.00  1.78  1.72  1.95  1.02
 14   980.    75405.    25406.    49998. 1.43    1000  1.00  1.51  1.43  1.54  0.87
 13   860.    82433.    17020.    65413. 1.16    1000  1.00  1.26  1.16  1.21  0.73
 12   740.    64726.     4525.    60201. 0.99    1000  1.00  1.08  0.99  1.04  0.58
 11   620.    24565.     1421.    23144. 0.86    1000  1.00  1.06  0.86  1.05  0.43
 10   500.     6979.      878.     6100. 0.81    1000  1.00  1.14  0.81  1.17  0.27
  9   380.     3827.      664.     3163. 1.01    1000  1.00  1.21  1.01  2.06  0.30
  8   260.     1098.        0.     1098. 0.52    1000  1.00  1.00  0.52  1.00  0.32
  7   140.       76.        0.       76. 0.25    1000  1.00  1.00  0.25  1.00  0.25
  6    20.        0.        0.        0. 0.00    1000  1.00  0.00  0.00  0.00  0.00

Iteration number:   5
Y-ch   Ex        Af        Ag       Afg  Mult    Sing Alpha MATot METot MASta MESta
131 15020.    23602.    21240.     2362. 9.36    1000  1.00  9.99  9.36  8.17  8.09
130 14900.    24057.    21987.     2071. 9.25       0  1.00 11.62  9.25  7.95  8.10
129 14780.    25172.    22560.     2612. 9.34    1000  1.00  9.64  9.34  7.45  8.10
128 14660.    25803.    22930.     2874. 9.34    1000  1.00  8.98  9.34  7.34  8.05
127 14540.    26580.    23612.     2969. 9.32    1000  1.00  8.95  9.32  7.32  8.03
126 14420.    27375.    24227.     3148. 9.33       0  1.00  8.70  9.33  6.87  8.08
125 14300.    27730.    24433.     3297. 9.33       0  1.00  8.41  9.33  6.71  8.07
124 14180.    28657.    25133.     3524. 9.24    1000  1.00  8.13  9.24  6.15  8.05
123 14060.    28965.    25520.     3446. 9.22    1000  1.00  8.41  9.22  6.47  7.98
122 13940.    30028.    26099.     3929. 9.08    1000  1.00  7.64  9.08  6.08  7.85
121 13820.    30560.    26046.     4514. 9.25    1000  1.00  6.77  9.25  5.52  8.02
120 13700.    30731.    25892.     4839. 9.25    1000  1.00  6.35  9.25  5.39  7.97
119 13580.    30825.    25786.     5039. 9.06    1000  1.00  6.12  9.06  5.15  7.83
118 13460.    32128.    26582.     5546. 9.17    1000  1.00  5.79  9.17  5.01  7.91
117 13340.    32613.    26877.     5737. 9.08    1000  1.00  5.69  9.08  4.89  7.82
116 13220.    32909.    26867.     6042. 8.98    1000  1.00  5.45  8.98  4.75  7.73
115 13100.    33712.    27333.     6380. 8.98    1000  1.00  5.28  8.98  4.53  7.75
114 12980.    34141.    27142.     6999. 9.00    1000  1.00  4.88  9.00  4.11  7.82
113 12860.    33854.    26316.     7538. 9.12    1000  1.00  4.49  9.12  3.99  7.83
112 12740.    34744.    26779.     7965. 9.11    1000  1.00  4.36  9.11  3.85  7.83
111 12620.    35087.    26929.     8159. 9.06    1000  1.00  4.30  9.06  3.88  7.71
110 12500.    36073.    26891.     9183. 9.19    1000  1.00  3.93  9.19  3.53  7.81
109 12380.    35605.    26724.     8881. 9.10    1000  1.00  4.01  9.10  3.55  7.75
108 12260.    35730.    26361.     9369. 9.10    1000  1.00  3.81  9.10  3.45  7.70
107 12140.    36608.    26239.    10369. 9.17    1000  1.00  3.53  9.17  3.16  7.76
106 12020.    36683.    26921.     9762. 9.12    1000  1.00  3.76  9.12  3.25  7.73
105 11900.    37127.    27013.    10114. 9.02    1000  1.00  3.67  9.02  3.06  7.70
104 11780.    36880.    26658.    10222. 9.12    1000  1.00  3.61  9.12  3.08  7.73
103 11660.    37494.    26891.    10603. 8.95    1000  1.00  3.54  8.95  3.05  7.51
102 11540.    37560.    27392.    10167. 8.76    1000  1.00  3.69  8.76  3.15  7.33
101 11420.    37759.    28017.     9742. 8.46    1000  1.00  3.88  8.46  3.10  7.14
100 11300.    38381.    28683.     9698. 8.27    1000  1.00  3.96  8.27  3.13  6.96
 99 11180.    38514.    29180.     9334. 8.14    1000  1.00  4.13  8.14  3.29  6.80
 98 11060.    38862.    30342.     8521. 7.94    1000  1.00  4.56  7.94  3.40  6.66
 97 10940.    40392.    32904.     7488. 7.55    1000  1.00  5.39  7.55  3.92  6.24
 96 10820.    41154.    35667.     5487. 7.12    1000  1.00  7.50  7.12  4.42  5.93
 95 10700.    41821.    37240.     4581. 6.62    1000  1.00  9.13  6.62  4.85  5.53
 94 10580.    43183.    37916.     5267. 6.29    1000  1.00  8.20  6.29  4.73  5.28
 93 10460.    43805.    33139.    10666. 6.09    1000  1.00  4.11  6.09  3.49  5.06
 92 10340.    43753.    31412.    12341. 6.02    1000  1.00  3.55  6.02  3.26  4.99
 91 10220.    44529.    33136.    11393. 5.94    1000  1.00  3.91  5.94  3.54  4.89
 90 10100.    42963.    32025.    10938. 5.79    1000  1.00  3.93  5.79  3.53  4.77
 89  9980.    41968.    31587.    10381. 5.78    1000  1.00  4.04  5.78  3.61  4.73
 88  9860.    40968.    30202.    10766. 5.74    1000  1.00  3.81  5.74  3.46  4.70
 87  9740.    39439.    28607.    10832. 5.74    1000  1.00  3.64  5.74  3.34  4.68
 86  9620.    37448.    25497.    11952. 5.87    1000  1.00  3.13  5.87  3.14  4.69
 85  9500.    36082.    24464.    11618. 5.95    1000  1.00  3.11  5.95  3.10  4.72
 84  9380.    33617.    20859.    12758. 6.18    1000  1.00  2.63  6.18  2.76  4.85
 83  9260.    30639.    17827.    12812. 6.63    1000  1.00  2.39  6.63  2.59  5.09
 82  9140.    27853.    14044.    13809. 6.98    1000  1.00  2.02  6.98  2.28  5.29
 81  9020.    25396.    11266.    14130. 7.65    1000  1.00  1.80  7.65  2.09  5.61
 80  8900.    22595.     8404.    14191. 8.17    1000  1.00  1.59  8.17  1.84  6.01
 79  8780.    20236.     6511.    13725. 8.80    1000  1.00  1.47  8.80  1.74  6.30
 78  8660.    17915.     5707.    12208. 8.85    1000  1.00  1.47  8.85  1.80  6.21
 77  8540.    16600.     5693.    10906. 8.21    1000  1.00  1.52  8.21  2.02  5.48
 76  8420.    16369.     6304.    10065. 7.22    1000  1.00  1.63  7.22  2.25  4.87
 75  8300.    16590.     7722.     8868. 6.18    1000  1.00  1.87  6.18  2.64  4.39
 74  8180.    18705.    10279.     8426. 5.20    1000  1.00  2.22  5.20  2.95  4.00
 73  8060.    24049.    15090.     8959. 4.46    1000  1.00  2.68  4.46  3.25  3.66
 72  7940.    32174.    21687.    10487. 4.11    1000  1.00  3.07  4.11  3.40  3.51
 71  7820.    42369.    29555.    12814. 3.90    1000  1.00  3.31  3.90  3.42  3.42
 70  7700.    51259.    36269.    14990. 3.74    1000  1.00  3.42  3.74  3.35  3.33
 69  7580.    58291.    40912.    17378. 3.70    1000  1.00  3.35  3.70  3.26  3.30
 68  7460.    62063.    43306.    18758. 3.67    1000  1.00  3.31  3.67  3.26  3.26
 67  7340.    62973.    44207.    18766. 3.58    1000  1.00  3.36  3.58  3.26  3.19
 66  7220.    64264.    44777.    19487. 3.56    1000  1.00  3.30  3.56  3.17  3.18
 65  7100.    64069.    44487.    19582. 3.52    1000  1.00  3.27  3.52  3.14  3.14
 64  6980.    65113.    44841.    20272. 3.48    1000  1.00  3.21  3.48  3.13  3.08
 63  6860.    65214.    44518.    20696. 3.41    1000  1.00  3.15  3.41  3.01  3.05
 62  6740.    66139.    45006.    21133. 3.38    1000  1.00  3.13  3.38  2.98  3.01
 61  6620.    66824.    45472.    21353. 3.35    1000  1.00  3.13  3.35  2.96  2.98
 60  6500.    66602.    44954.    21648. 3.28    1000  1.00  3.08  3.28  2.90  2.92
 59  6380.    67801.    45301.    22500. 3.25    1000  1.00  3.01  3.25  2.85  2.89
 58  6260.    68058.    44823.    23235. 3.19    1000  1.00  2.93  3.19  2.77  2.83
 57  6140.    68027.    44777.    23249. 3.14    1000  1.00  2.93  3.14  2.78  2.77
 56  6020.    67162.    43921.    23241. 3.12    1000  1.00  2.89  3.12  2.73  2.76
 55  5900.    67582.    43960.    23622. 3.10    1000  1.00  2.86  3.10  2.74  2.72
 54  5780.    67212.    43517.    23695. 3.08    1000  1.00  2.84  3.08  2.69  2.71
 53  5660.    67796.    44011.    23785. 3.04    1000  1.00  2.85  3.04  2.68  2.69
 52  5540.    69412.    44683.    24729. 3.02    1000  1.00  2.81  3.02  2.67  2.65
 51  5420.    69236.    44079.    25157. 2.97    1000  1.00  2.75  2.97  2.62  2.60
 50  5300.    68101.    43523.    24578. 2.94    1000  1.00  2.77  2.94  2.58  2.58
 49  5180.    67835.    43219.    24616. 2.88    1000  1.00  2.76  2.88  2.55  2.52
 48  5060.    66722.    41886.    24836. 2.85    1000  1.00  2.69  2.85  2.51  2.48
 47  4940.    67279.    41844.    25434. 2.79    1000  1.00  2.65  2.79  2.46  2.42
 46  4820.    68853.    43274.    25579. 2.69    1000  1.00  2.69  2.69  2.44  2.35
 45  4700.    70758.    43553.    27206. 2.65    1000  1.00  2.60  2.65  2.39  2.31
 44  4580.    69898.    42482.    27416. 2.62    1000  1.00  2.55  2.62  2.34  2.27
 43  4460.    66817.    40667.    26150. 2.58    1000  1.00  2.56  2.58  2.32  2.23
 42  4340.    65191.    39340.    25852. 2.55    1000  1.00  2.52  2.55  2.30  2.20
 41  4220.    63781.    38249.    25532. 2.51    1000  1.00  2.50  2.51  2.25  2.15
 40  4100.    62502.    36637.    25865. 2.42    1000  1.00  2.42  2.42  2.16  2.06
 39  3980.    61201.    35782.    25420. 2.34    1000  1.00  2.41  2.34  2.14  1.99
 38  3860.    61239.    35501.    25738. 2.34    1000  1.00  2.38  2.34  2.12  1.97
 37  3740.    64453.    37647.    26806. 2.36    1000  1.00  2.40  2.36  2.15  1.98
 36  3620.    70452.    41145.    29307. 2.34    1000  1.00  2.40  2.34  2.14  1.96
 35  3500.    70609.    40564.    30045. 2.18    1000  1.00  2.35  2.18  2.02  1.84
 34  3380.    69752.    39339.    30414. 2.04    1000  1.00  2.29  2.04  1.95  1.71
 33  3260.    69190.    37799.    31392. 1.97    1000  1.00  2.20  1.97  1.90  1.65
 32  3140.    63752.    33718.    30033. 1.93    1000  1.00  2.12  1.93  1.85  1.62
 31  3020.    54937.    28862.    26075. 1.91    1000  1.00  2.11  1.91  1.86  1.59
 30  2900.    49800.    26963.    22837. 1.88    1000  1.00  2.18  1.88  1.85  1.55
 29  2780.    48417.    26298.    22119. 1.86    1000  1.00  2.19  1.86  1.84  1.52
 28  2660.    51025.    28126.    22899. 1.87    1000  1.00  2.23  1.87  1.85  1.52
 27  2540.    62115.    35693.    26421. 1.91    1000  1.00  2.35  1.91  1.87  1.53
 26  2420.    92527.    52752.    39775. 2.04    1000  1.00  2.33  2.04  1.94  1.61
 25  2300.   115473.    62728.    52746. 2.11    1000  1.00  2.19  2.11  1.97  1.63
 24  2180.    87500.    46298.    41201. 2.02    1000  1.00  2.12  2.02  2.00  1.56
 23  2060.    53286.    26860.    26425. 1.78    1000  1.00  2.02  1.78  1.86  1.37
 22  1940.    39725.    18111.    21614. 1.44    1000  1.00  1.84  1.44  1.57  1.13
 21  1820.    35075.    12827.    22248. 1.24    1000  1.00  1.58  1.24  1.38  0.99
 20  1700.    22169.     6674.    15495. 1.16    1000  1.00  1.43  1.16  1.30  0.93
 19  1580.    10466.     4242.     6225. 1.25    1000  1.00  1.68  1.25  1.47  0.93
 18  1460.     6494.     3460.     3034. 1.63    1000  1.00  2.14  1.63  1.90  1.09
 17  1340.    12615.     6797.     5818. 2.00    1000  1.00  2.17  2.00  2.48  1.23
 16  1220.    38176.    18933.    19243. 1.94    1000  1.00  1.98  1.94  2.45  1.16
 15  1100.    72275.    31681.    40594. 1.72    1000  1.00  1.78  1.72  1.95  1.02
 14   980.    75405.    25422.    49982. 1.43    1000  1.00  1.51  1.43  1.54  0.87
 13   860.    82433.    17018.    65416. 1.16    1000  1.00  1.26  1.16  1.21  0.73
 12   740.    64726.     4558.    60168. 0.99    1000  1.00  1.08  0.99  1.04  0.58
 11   620.    24565.     1421.    23144. 0.86    1000  1.00  1.06  0.86  1.05  0.43
 10   500.     6979.      878.     6101. 0.81    1000  1.00  1.14  0.81  1.17  0.27
  9   380.     3827.      664.     3163. 1.01    1000  1.00  1.21  1.01  2.06  0.30
  8   260.     1098.        0.     1098. 0.52    1000  1.00  1.00  0.52  1.00  0.32
  7   140.       76.        0.       76. 0.25    1000  1.00  1.00  0.25  1.00  0.25
  6    20.        0.        0.        0. 0.00    1000  1.00  0.00  0.00  0.00  0.00

Iteration number:   6
Y-ch   Ex        Af        Ag       Afg  Mult    Sing Alpha MATot METot MASta MESta
131 15020.    23602.    21320.     2281. 9.36    1000  1.00 10.35  9.36  8.43  8.09
130 14900.    24057.    22007.     2050. 9.25       0  1.00 11.73  9.25  8.01  8.10
129 14780.    25172.    22618.     2553. 9.34    1000  1.00  9.86  9.34  7.60  8.10
128 14660.    25803.    23180.     2623. 9.34    1000  1.00  9.84  9.34  7.97  8.05
127 14540.    26580.    23676.     2905. 9.32    1000  1.00  9.15  9.32  7.48  8.03
126 14420.    27375.    24258.     3118. 9.33       0  1.00  8.78  9.33  6.93  8.08
125 14300.    27730.    24439.     3291. 9.33       0  1.00  8.43  9.33  6.72  8.07
124 14180.    28657.    25167.     3490. 9.24    1000  1.00  8.21  9.24  6.20  8.05
123 14060.    28965.    25522.     3444. 9.22    1000  1.00  8.41  9.22  6.48  7.98
122 13940.    30028.    26111.     3917. 9.08    1000  1.00  7.67  9.08  6.10  7.85
121 13820.    30560.    26044.     4516. 9.25    1000  1.00  6.77  9.25  5.52  8.02
120 13700.    30731.    25887.     4844. 9.25    1000  1.00  6.34  9.25  5.38  7.97
119 13580.    30825.    25781.     5044. 9.06    1000  1.00  6.11  9.06  5.15  7.83
118 13460.    32128.    26569.     5559. 9.17    1000  1.00  5.78  9.17  5.00  7.91
117 13340.    32613.    26870.     5743. 9.08    1000  1.00  5.68  9.08  4.88  7.82
116 13220.    32909.    26859.     6050. 8.98    1000  1.00  5.44  8.98  4.74  7.73
115 13100.    33712.    27325.     6387. 8.98    1000  1.00  5.28  8.98  4.53  7.75
114 12980.    34141.    27135.     7006. 9.00    1000  1.00  4.87  9.00  4.11  7.82
113 12860.    33854.    26313.     7541. 9.12    1000  1.00  4.49  9.12  3.98  7.83
112 12740.    34744.    26778.     7966. 9.11    1000  1.00  4.36  9.11  3.85  7.83
111 12620.    35087.    26926.     8161. 9.06    1000  1.00  4.30  9.06  3.88  7.71
110 12500.    36073.    26891.     9182. 9.19    1000  1.00  3.93  9.19  3.53  7.81
109 12380.    35605.    26725.     8880. 9.10    1000  1.00  4.01  9.10  3.55  7.75
108 12260.    35730.    26361.     9369. 9.10    1000  1.00  3.81  9.10  3.45  7.70
107 12140.    36608.    26239.    10368. 9.17    1000  1.00  3.53  9.17  3.16  7.76
106 12020.    36683.    26922.     9761. 9.12    1000  1.00  3.76  9.12  3.25  7.73
105 11900.    37127.    27013.    10114. 9.02    1000  1.00  3.67  9.02  3.06  7.70
104 11780.    36880.    26674.    10206. 9.12    1000  1.00  3.61  9.12  3.08  7.73
103 11660.    37494.    26892.    10602. 8.95    1000  1.00  3.54  8.95  3.05  7.51
102 11540.    37560.    27393.    10167. 8.76    1000  1.00  3.69  8.76  3.15  7.33
101 11420.    37759.    28016.     9743. 8.46    1000  1.00  3.88  8.46  3.10  7.14
100 11300.    38381.    28683.     9698. 8.27    1000  1.00  3.96  8.27  3.13  6.96
 99 11180.    38514.    29184.     9329. 8.14    1000  1.00  4.13  8.14  3.29  6.80
 98 11060.    38862.    30343.     8520. 7.94    1000  1.00  4.56  7.94  3.40  6.66
 97 10940.    40392.    32907.     7485. 7.55    1000  1.00  5.40  7.55  3.92  6.24
 96 10820.    41154.    35663.     5491. 7.12    1000  1.00  7.50  7.12  4.42  5.93
 95 10700.    41821.    37323.     4498. 6.62    1000  1.00  9.30  6.62  4.86  5.53
 94 10580.    43183.    38164.     5020. 6.29    1000  1.00  8.60  6.29  4.79  5.28
 93 10460.    43805.    33136.    10669. 6.09    1000  1.00  4.11  6.09  3.49  5.06
 92 10340.    43753.    31420.    12333. 6.02    1000  1.00  3.55  6.02  3.26  4.99
 91 10220.    44529.    33136.    11393. 5.94    1000  1.00  3.91  5.94  3.54  4.89
 90 10100.    42963.    32024.    10939. 5.79    1000  1.00  3.93  5.79  3.53  4.77
 89  9980.    41968.    31587.    10381. 5.78    1000  1.00  4.04  5.78  3.61  4.73
 88  9860.    40968.    30202.    10766. 5.74    1000  1.00  3.81  5.74  3.46  4.70
 87  9740.    39439.    28606.    10833. 5.74    1000  1.00  3.64  5.74  3.34  4.68
 86  9620.    37448.    25497.    11952. 5.87    1000  1.00  3.13  5.87  3.14  4.69
 85  9500.    36082.    24464.    11618. 5.95    1000  1.00  3.11  5.95  3.10  4.72
 84  9380.    33617.    20859.    12758. 6.18    1000  1.00  2.63  6.18  2.76  4.85
 83  9260.    30639.    17827.    12812. 6.63    1000  1.00  2.39  6.63  2.59  5.09
 82  9140.    27853.    14044.    13809. 6.98    1000  1.00  2.02  6.98  2.28  5.29
 81  9020.    25396.    11266.    14130. 7.65    1000  1.00  1.80  7.65  2.09  5.61
 80  8900.    22595.     8404.    14191. 8.17    1000  1.00  1.59  8.17  1.84  6.01
 79  8780.    20236.     6511.    13725. 8.80    1000  1.00  1.47  8.80  1.74  6.30
 78  8660.    17915.     5707.    12208. 8.85    1000  1.00  1.47  8.85  1.80  6.21
 77  8540.    16600.     5693.    10906. 8.21    1000  1.00  1.52  8.21  2.02  5.48
 76  8420.    16369.     6304.    10065. 7.22    1000  1.00  1.63  7.22  2.25  4.87
 75  8300.    16590.     7722.     8868. 6.18    1000  1.00  1.87  6.18  2.64  4.39
 74  8180.    18705.    10279.     8426. 5.20    1000  1.00  2.22  5.20  2.95  4.00
 73  8060.    24049.    15090.     8959. 4.46    1000  1.00  2.68  4.46  3.25  3.66
 72  7940.    32174.    21687.    10487. 4.11    1000  1.00  3.07  4.11  3.40  3.51
 71  7820.    42369.    29555.    12814. 3.90    1000  1.00  3.31  3.90  3.42  3.42
 70  7700.    51259.    36269.    14990. 3.74    1000  1.00  3.42  3.74  3.35  3.33
 69  7580.    58291.    40913.    17378. 3.70    1000  1.00  3.35  3.70  3.26  3.30
 68  7460.    62063.    43306.    18758. 3.67    1000  1.00  3.31  3.67  3.26  3.26
 67  7340.    62973.    44207.    18766. 3.58    1000  1.00  3.36  3.58  3.26  3.19
 66  7220.    64264.    44778.    19486. 3.56    1000  1.00  3.30  3.56  3.17  3.18
 65  7100.    64069.    44487.    19582. 3.52    1000  1.00  3.27  3.52  3.14  3.14
 64  6980.    65113.    44842.    20271. 3.48    1000  1.00  3.21  3.48  3.13  3.08
 63  6860.    65214.    44518.    20696. 3.41    1000  1.00  3.15  3.41  3.01  3.05
 62  6740.    66139.    45007.    21132. 3.38    1000  1.00  3.13  3.38  2.98  3.01
 61  6620.    66824.    45473.    21351. 3.35    1000  1.00  3.13  3.35  2.96  2.98
 60  6500.    66602.    44955.    21646. 3.28    1000  1.00  3.08  3.28  2.90  2.92
 59  6380.    67801.    45302.    22499. 3.25    1000  1.00  3.01  3.25  2.85  2.89
 58  6260.    68058.    44825.    23233. 3.19    1000  1.00  2.93  3.19  2.77  2.83
 57  6140.    68027.    44780.    23247. 3.14    1000  1.00  2.93  3.14  2.78  2.77
 56  6020.    67162.    43923.    23240. 3.12    1000  1.00  2.89  3.12  2.73  2.76
 55  5900.    67582.    43962.    23620. 3.10    1000  1.00  2.86  3.10  2.74  2.72
 54  5780.    67212.    43520.    23692. 3.08    1000  1.00  2.84  3.08  2.69  2.71
 53  5660.    67796.    44013.    23783. 3.04    1000  1.00  2.85  3.04  2.68  2.69
 52  5540.    69412.    44686.    24725. 3.02    1000  1.00  2.81  3.02  2.67  2.65
 51  5420.    69236.    44079.    25156. 2.97    1000  1.00  2.75  2.97  2.62  2.60
 50  5300.    68101.    43523.    24578. 2.94    1000  1.00  2.77  2.94  2.58  2.58
 49  5180.    67835.    43221.    24615. 2.88    1000  1.00  2.76  2.88  2.55  2.52
 48  5060.    66722.    41890.    24832. 2.85    1000  1.00  2.69  2.85  2.51  2.48
 47  4940.    67279.    41850.    25429. 2.79    1000  1.00  2.65  2.79  2.46  2.42
 46  4820.    68853.    43276.    25577. 2.69    1000  1.00  2.69  2.69  2.44  2.35
 45  4700.    70758.    43557.    27202. 2.65    1000  1.00  2.60  2.65  2.39  2.31
 44  4580.    69898.    42484.    27414. 2.62    1000  1.00  2.55  2.62  2.34  2.27
 43  4460.    66817.    40668.    26149. 2.58    1000  1.00  2.56  2.58  2.32  2.23
 42  4340.    65191.    39340.    25851. 2.55    1000  1.00  2.52  2.55  2.30  2.20
 41  4220.    63781.    38249.    25531. 2.51    1000  1.00  2.50  2.51  2.25  2.15
 40  4100.    62502.    36250.    26251. 2.42    1000  1.00  2.38  2.42  2.13  2.06
 39  3980.    61201.    35784.    25418. 2.34    1000  1.00  2.41  2.34  2.14  1.99
 38  3860.    61239.    35511.    25728. 2.34    1000  1.00  2.38  2.34  2.12  1.97
 37  3740.    64453.    37630.    26822. 2.36    1000  1.00  2.40  2.36  2.15  1.98
 36  3620.    70452.    41123.    29328. 2.34    1000  1.00  2.40  2.34  2.14  1.96
 35  3500.    70609.    40587.    30022. 2.18    1000  1.00  2.35  2.18  2.02  1.84
 34  3380.    69752.    39384.    30369. 2.04    1000  1.00  2.30  2.04  1.95  1.71
 33  3260.    69190.    37801.    31389. 1.97    1000  1.00  2.20  1.97  1.90  1.65
 32  3140.    63752.    33698.    30054. 1.93    1000  1.00  2.12  1.93  1.85  1.62
 31  3020.    54937.    28859.    26078. 1.91    1000  1.00  2.11  1.91  1.86  1.59
 30  2900.    49800.    26964.    22835. 1.88    1000  1.00  2.18  1.88  1.85  1.55
 29  2780.    48417.    26305.    22113. 1.86    1000  1.00  2.19  1.86  1.84  1.52
 28  2660.    51025.    28129.    22896. 1.87    1000  1.00  2.23  1.87  1.85  1.52
 27  2540.    62115.    35686.    26429. 1.91    1000  1.00  2.35  1.91  1.87  1.53
 26  2420.    92527.    52738.    39789. 2.04    1000  1.00  2.33  2.04  1.94  1.61
 25  2300.   115473.    62802.    52671. 2.11    1000  1.00  2.19  2.11  1.97  1.63
 24  2180.    87500.    46357.    41143. 2.02    1000  1.00  2.13  2.02  2.01  1.56
 23  2060.    53286.    26849.    26436. 1.78    1000  1.00  2.02  1.78  1.86  1.37
 22  1940.    39725.    18113.    21611. 1.44    1000  1.00  1.84  1.44  1.57  1.13
 21  1820.    35075.    12766.    22309. 1.24    1000  1.00  1.57  1.24  1.37  0.99
 20  1700.    22169.     6591.    15578. 1.16    1000  1.00  1.42  1.16  1.30  0.93
 19  1580.    10466.     4251.     6215. 1.25    1000  1.00  1.68  1.25  1.47  0.93
 18  1460.     6494.     3457.     3037. 1.63    1000  1.00  2.14  1.63  1.89  1.09
 17  1340.    12615.     6798.     5818. 2.00    1000  1.00  2.17  2.00  2.48  1.23
 16  1220.    38176.    18986.    19190. 1.94    1000  1.00  1.99  1.94  2.47  1.16
 15  1100.    72275.    31691.    40584. 1.72    1000  1.00  1.78  1.72  1.96  1.02
 14   980.    75405.    25429.    49975. 1.43    1000  1.00  1.51  1.43  1.54  0.87
 13   860.    82433.    17017.    65416. 1.16    1000  1.00  1.26  1.16  1.21  0.73
 12   740.    64726.     4562.    60164. 0.99    1000  1.00  1.08  0.99  1.04  0.58
 11   620.    24565.     1421.    23144. 0.86    1000  1.00  1.06  0.86  1.05  0.43
 10   500.     6979.      877.     6101. 0.81    1000  1.00  1.14  0.81  1.17  0.27
  9   380.     3827.      664.     3163. 1.01    1000  1.00  1.21  1.01  2.06  0.30
  8   260.     1098.        0.     1098. 0.52    1000  1.00  1.00  0.52  1.00  0.32
  7   140.       76.        0.       76. 0.25    1000  1.00  1.00  0.25  1.00  0.25
  6    20.        0.        0.        0. 0.00    1000  1.00  0.00  0.00  0.00  0.00

Iteration number:   7
Y-ch   Ex        Af        Ag       Afg  Mult    Sing Alpha MATot METot MASta MESta
131 15020.    23602.    21311.     2291. 9.36    1000  1.00 10.30  9.36  8.40  8.09
130 14900.    24057.    22006.     2051. 9.25       0  1.00 11.73  9.25  8.00  8.10
129 14780.    25172.    22610.     2561. 9.34    1000  1.00  9.83  9.34  7.57  8.10
128 14660.    25803.    23107.     2697. 9.34    1000  1.00  9.57  9.34  7.77  8.05
127 14540.    26580.    23668.     2912. 9.32    1000  1.00  9.13  9.32  7.46  8.03
126 14420.    27375.    24254.     3121. 9.33       0  1.00  8.77  9.33  6.92  8.08
125 14300.    27730.    24439.     3291. 9.33       0  1.00  8.43  9.33  6.72  8.07
124 14180.    28657.    25164.     3493. 9.24    1000  1.00  8.21  9.24  6.20  8.05
123 14060.    28965.    25521.     3445. 9.22    1000  1.00  8.41  9.22  6.48  7.98
122 13940.    30028.    26109.     3918. 9.08    1000  1.00  7.66  9.08  6.09  7.85
121 13820.    30560.    26043.     4517. 9.25    1000  1.00  6.77  9.25  5.52  8.02
120 13700.    30731.    25887.     4844. 9.25    1000  1.00  6.34  9.25  5.38  7.97
119 13580.    30825.    25781.     5044. 9.06    1000  1.00  6.11  9.06  5.15  7.83
118 13460.    32128.    26567.     5561. 9.17    1000  1.00  5.78  9.17  5.00  7.91
117 13340.    32613.    26870.     5743. 9.08    1000  1.00  5.68  9.08  4.88  7.82
116 13220.    32909.    26858.     6050. 8.98    1000  1.00  5.44  8.98  4.74  7.73
115 13100.    33712.    27325.     6388. 8.98    1000  1.00  5.28  8.98  4.52  7.75
114 12980.    34141.    27134.     7007. 9.00    1000  1.00  4.87  9.00  4.11  7.82
113 12860.    33854.    26312.     7541. 9.12    1000  1.00  4.49  9.12  3.98  7.83
112 12740.    34744.    26778.     7966. 9.11    1000  1.00  4.36  9.11  3.85  7.83
111 12620.    35087.    26926.     8161. 9.06    1000  1.00  4.30  9.06  3.88  7.71
110 12500.    36073.    26891.     9182. 9.19    1000  1.00  3.93  9.19  3.53  7.81
109 12380.    35605.    26725.     8880. 9.10    1000  1.00  4.01  9.10  3.55  7.75
108 12260.    35730.    26361.     9369. 9.10    1000  1.00  3.81  9.10  3.45  7.70
107 12140.    36608.    26239.    10368. 9.17    1000  1.00  3.53  9.17  3.16  7.76
106 12020.    36683.    26922.     9761. 9.12    1000  1.00  3.76  9.12  3.25  7.73
105 11900.    37127.    27014.    10114. 9.02    1000  1.00  3.67  9.02  3.06  7.70
104 11780.    36880.    26678.    10202. 9.12    1000  1.00  3.61  9.12  3.08  7.73
103 11660.    37494.    26892.    10602. 8.95    1000  1.00  3.54  8.95  3.05  7.51
102 11540.    37560.    27393.    10167. 8.76    1000  1.00  3.69  8.76  3.15  7.33
101 11420.    37759.    28016.     9743. 8.46    1000  1.00  3.88  8.46  3.10  7.14
100 11300.    38381.    28683.     9698. 8.27    1000  1.00  3.96  8.27  3.13  6.96
 99 11180.    38514.    29185.     9328. 8.14    1000  1.00  4.13  8.14  3.29  6.80
 98 11060.    38862.    30343.     8519. 7.94    1000  1.00  4.56  7.94  3.40  6.66
 97 10940.    40392.    32908.     7484. 7.55    1000  1.00  5.40  7.55  3.92  6.24
 96 10820.    41154.    35664.     5490. 7.12    1000  1.00  7.50  7.12  4.42  5.93
 95 10700.    41821.    37338.     4483. 6.62    1000  1.00  9.33  6.62  4.86  5.53
 94 10580.    43183.    38264.     4919. 6.29    1000  1.00  8.78  6.29  4.82  5.28
 93 10460.    43805.    33135.    10670. 6.09    1000  1.00  4.11  6.09  3.49  5.06
 92 10340.    43753.    31422.    12331. 6.02    1000  1.00  3.55  6.02  3.26  4.99
 91 10220.    44529.    33136.    11392. 5.94    1000  1.00  3.91  5.94  3.54  4.89
 90 10100.    42963.    32024.    10939. 5.79    1000  1.00  3.93  5.79  3.53  4.77
 89  9980.    41968.    31587.    10381. 5.78    1000  1.00  4.04  5.78  3.61  4.73
 88  9860.    40968.    30202.    10766. 5.74    1000  1.00  3.81  5.74  3.46  4.70
 87  9740.    39439.    28606.    10833. 5.74    1000  1.00  3.64  5.74  3.34  4.68
 86  9620.    37448.    25497.    11952. 5.87    1000  1.00  3.13  5.87  3.14  4.69
 85  9500.    36082.    24464.    11618. 5.95    1000  1.00  3.11  5.95  3.10  4.72
 84  9380.    33617.    20859.    12758. 6.18    1000  1.00  2.63  6.18  2.76  4.85
 83  9260.    30639.    17827.    12812. 6.63    1000  1.00  2.39  6.63  2.59  5.09
 82  9140.    27853.    14044.    13809. 6.98    1000  1.00  2.02  6.98  2.28  5.29
 81  9020.    25396.    11266.    14130. 7.65    1000  1.00  1.80  7.65  2.09  5.61
 80  8900.    22595.     8404.    14191. 8.17    1000  1.00  1.59  8.17  1.84  6.01
 79  8780.    20236.     6511.    13725. 8.80    1000  1.00  1.47  8.80  1.74  6.30
 78  8660.    17915.     5707.    12208. 8.85    1000  1.00  1.47  8.85  1.80  6.21
 77  8540.    16600.     5693.    10906. 8.21    1000  1.00  1.52  8.21  2.02  5.48
 76  8420.    16369.     6304.    10064. 7.22    1000  1.00  1.63  7.22  2.25  4.87
 75  8300.    16590.     7723.     8868. 6.18    1000  1.00  1.87  6.18  2.64  4.39
 74  8180.    18705.    10279.     8426. 5.20    1000  1.00  2.22  5.20  2.95  4.00
 73  8060.    24049.    15090.     8959. 4.46    1000  1.00  2.68  4.46  3.25  3.66
 72  7940.    32174.    21687.    10487. 4.11    1000  1.00  3.07  4.11  3.40  3.51
 71  7820.    42369.    29554.    12814. 3.90    1000  1.00  3.31  3.90  3.42  3.42
 70  7700.    51259.    36269.    14990. 3.74    1000  1.00  3.42  3.74  3.35  3.33
 69  7580.    58291.    40913.    17378. 3.70    1000  1.00  3.35  3.70  3.26  3.30
 68  7460.    62063.    43306.    18758. 3.67    1000  1.00  3.31  3.67  3.26  3.26
 67  7340.    62973.    44207.    18766. 3.58    1000  1.00  3.36  3.58  3.26  3.19
 66  7220.    64264.    44778.    19486. 3.56    1000  1.00  3.30  3.56  3.17  3.18
 65  7100.    64069.    44487.    19582. 3.52    1000  1.00  3.27  3.52  3.14  3.14
 64  6980.    65113.    44842.    20271. 3.48    1000  1.00  3.21  3.48  3.13  3.08
 63  6860.    65214.    44518.    20696. 3.41    1000  1.00  3.15  3.41  3.01  3.05
 62  6740.    66139.    45007.    21132. 3.38    1000  1.00  3.13  3.38  2.98  3.01
 61  6620.    66824.    45474.    21351. 3.35    1000  1.00  3.13  3.35  2.96  2.98
 60  6500.    66602.    44956.    21646. 3.28    1000  1.00  3.08  3.28  2.90  2.92
 59  6380.    67801.    45302.    22499. 3.25    1000  1.00  3.01  3.25  2.85  2.89
 58  6260.    68058.    44825.    23233. 3.19    1000  1.00  2.93  3.19  2.77  2.83
 57  6140.    68027.    44781.    23246. 3.14    1000  1.00  2.93  3.14  2.78  2.77
 56  6020.    67162.    43923.    23239. 3.12    1000  1.00  2.89  3.12  2.73  2.76
 55  5900.    67582.    43963.    23619. 3.10    1000  1.00  2.86  3.10  2.74  2.72
 54  5780.    67212.    43521.    23691. 3.08    1000  1.00  2.84  3.08  2.69  2.71
 53  5660.    67796.    44014.    23783. 3.04    1000  1.00  2.85  3.04  2.68  2.69
 52  5540.    69412.    44688.    24724. 3.02    1000  1.00  2.81  3.02  2.67  2.65
 51  5420.    69236.    44079.    25156. 2.97    1000  1.00  2.75  2.97  2.62  2.60
 50  5300.    68101.    43523.    24578. 2.94    1000  1.00  2.77  2.94  2.58  2.58
 49  5180.    67835.    43221.    24614. 2.88    1000  1.00  2.76  2.88  2.55  2.52
 48  5060.    66722.    41893.    24829. 2.85    1000  1.00  2.69  2.85  2.51  2.48
 47  4940.    67279.    41854.    25425. 2.79    1000  1.00  2.65  2.79  2.46  2.42
 46  4820.    68853.    43278.    25575. 2.69    1000  1.00  2.69  2.69  2.44  2.35
 45  4700.    70758.    43558.    27200. 2.65    1000  1.00  2.60  2.65  2.39  2.31
 44  4580.    69898.    42485.    27414. 2.62    1000  1.00  2.55  2.62  2.34  2.27
 43  4460.    66817.    40668.    26149. 2.58    1000  1.00  2.56  2.58  2.32  2.23
 42  4340.    65191.    39340.    25851. 2.55    1000  1.00  2.52  2.55  2.30  2.20
 41  4220.    63781.    38250.    25530. 2.51    1000  1.00  2.50  2.51  2.25  2.15
 40  4100.    62502.    36590.    25912. 2.42    1000  1.00  2.41  2.42  2.16  2.06
 39  3980.    61201.    35789.    25412. 2.34    1000  1.00  2.41  2.34  2.14  1.99
 38  3860.    61239.    35514.    25725. 2.34    1000  1.00  2.38  2.34  2.12  1.97
 37  3740.    64453.    37631.    26822. 2.36    1000  1.00  2.40  2.36  2.15  1.98
 36  3620.    70452.    41124.    29327. 2.34    1000  1.00  2.40  2.34  2.14  1.96
 35  3500.    70609.    40731.    29878. 2.18    1000  1.00  2.36  2.18  2.03  1.84
 34  3380.    69752.    39374.    30378. 2.04    1000  1.00  2.30  2.04  1.95  1.71
 33  3260.    69190.    37800.    31390. 1.97    1000  1.00  2.20  1.97  1.90  1.65
 32  3140.    63752.    33699.    30053. 1.93    1000  1.00  2.12  1.93  1.85  1.62
 31  3020.    54937.    28857.    26080. 1.91    1000  1.00  2.11  1.91  1.86  1.59
 30  2900.    49800.    26963.    22837. 1.88    1000  1.00  2.18  1.88  1.85  1.55
 29  2780.    48417.    26307.    22111. 1.86    1000  1.00  2.19  1.86  1.84  1.52
 28  2660.    51025.    28130.    22894. 1.87    1000  1.00  2.23  1.87  1.85  1.52
 27  2540.    62115.    35687.    26428. 1.91    1000  1.00  2.35  1.91  1.87  1.53
 26  2420.    92527.    52732.    39795. 2.04    1000  1.00  2.33  2.04  1.94  1.61
 25  2300.   115473.    62834.    52640. 2.11    1000  1.00  2.19  2.11  1.97  1.63
 24  2180.    87500.    46351.    41148. 2.02    1000  1.00  2.13  2.02  2.01  1.56
 23  2060.    53286.    26846.    26439. 1.78    1000  1.00  2.02  1.78  1.86  1.37
 22  1940.    39725.    18114.    21611. 1.44    1000  1.00  1.84  1.44  1.57  1.13
 21  1820.    35075.    12776.    22299. 1.24    1000  1.00  1.57  1.24  1.37  0.99
 20  1700.    22169.     6604.    15564. 1.16    1000  1.00  1.42  1.16  1.30  0.93
 19  1580.    10466.     4251.     6215. 1.25    1000  1.00  1.68  1.25  1.47  0.93
 18  1460.     6494.     3456.     3038. 1.63    1000  1.00  2.14  1.63  1.89  1.09
 17  1340.    12615.     6798.     5817. 2.00    1000  1.00  2.17  2.00  2.48  1.23
 16  1220.    38176.    19017.    19159. 1.94    1000  1.00  1.99  1.94  2.48  1.16
 15  1100.    72275.    31699.    40576. 1.72    1000  1.00  1.78  1.72  1.96  1.02
 14   980.    75405.    25433.    49972. 1.43    1000  1.00  1.51  1.43  1.54  0.87
 13   860.    82433.    17017.    65416. 1.16    1000  1.00  1.26  1.16  1.21  0.73
 12   740.    64726.     4563.    60163. 0.99    1000  1.00  1.08  0.99  1.04  0.58
 11   620.    24565.     1421.    23144. 0.86    1000  1.00  1.06  0.86  1.05  0.43
 10   500.     6979.      877.     6101. 0.81    1000  1.00  1.14  0.81  1.17  0.27
  9   380.     3827.      664.     3163. 1.01    1000  1.00  1.21  1.01  2.06  0.30
  8   260.     1098.        0.     1098. 0.52    1000  1.00  1.00  0.52  1.00  0.32
  7   140.       76.        0.       76. 0.25    1000  1.00  1.00  0.25  1.00  0.25
  6    20.        0.        0.        0. 0.00    1000  1.00  0.00  0.00  0.00  0.00
