Response function created for file:alfna56F at 08-Mar-19 16:21:12
Calibration (a0,a1)=     6.5   20.000  FWHM=    6.8

 Egam(keV) FWHM(keV) EffTot  Photo  Compton Single  Double   Annih
     6.5       4.0   0.701  1.0000  0.0000  0.0000  0.0000  0.0000
    26.5       4.0   0.705  1.0000  0.0000  0.0000  0.0000  0.0000
    46.5       7.0   0.709  0.8608  0.1392  0.0000  0.0000  0.0000
    66.5       9.8   0.717  0.8501  0.1499  0.0000  0.0000  0.0000
    86.5      12.7   0.725  0.8280  0.1720  0.0000  0.0000  0.0000
   106.5      15.4   0.731  0.8211  0.1789  0.0000  0.0000  0.0000
   126.5      18.1   0.735  0.8062  0.1938  0.0000  0.0000  0.0000
   146.5      20.8   0.739  0.7927  0.2073  0.0000  0.0000  0.0000
   166.5      23.4   0.743  0.7785  0.2215  0.0000  0.0000  0.0000
   186.5      25.9   0.747  0.7682  0.2318  0.0000  0.0000  0.0000
   206.5      28.3   0.752  0.7535  0.2465  0.0000  0.0000  0.0000
   226.5      30.7   0.758  0.7479  0.2521  0.0000  0.0000  0.0000
   246.5      33.1   0.764  0.7389  0.2611  0.0000  0.0000  0.0000
   266.5      35.3   0.770  0.7274  0.2726  0.0000  0.0000  0.0000
   286.5      37.5   0.776  0.7167  0.2833  0.0000  0.0000  0.0000
   306.5      39.7   0.782  0.7155  0.2845  0.0000  0.0000  0.0000
   326.5      41.7   0.788  0.7025  0.2975  0.0000  0.0000  0.0000
   346.5      43.8   0.794  0.6919  0.3081  0.0000  0.0000  0.0000
   366.5      45.7   0.800  0.6814  0.3186  0.0000  0.0000  0.0000
   386.5      47.6   0.806  0.6747  0.3253  0.0000  0.0000  0.0000
   406.5      49.4   0.813  0.6681  0.3319  0.0000  0.0000  0.0000
   426.5      51.2   0.821  0.6570  0.3430  0.0000  0.0000  0.0000
   446.5      52.9   0.829  0.6501  0.3499  0.0000  0.0000  0.0000
   466.5      54.6   0.837  0.6503  0.3497  0.0000  0.0000  0.0000
   486.5      56.1   0.845  0.6449  0.3551  0.0000  0.0000  0.0000
   506.5      57.7   0.852  0.6409  0.3591  0.0000  0.0000  0.0000
   526.5      59.1   0.857  0.6256  0.3744  0.0000  0.0000  0.0000
   546.5      60.5   0.862  0.6213  0.3787  0.0000  0.0000  0.0000
   566.5      61.8   0.867  0.6164  0.3836  0.0000  0.0000  0.0000
   586.5      63.1   0.872  0.6067  0.3933  0.0000  0.0000  0.0000
   606.5      64.3   0.877  0.6054  0.3946  0.0000  0.0000  0.0000
   626.5      65.5   0.882  0.6007  0.3993  0.0000  0.0000  0.0000
   646.5      66.6   0.887  0.5961  0.4039  0.0000  0.0000  0.0000
   666.5      67.6   0.892  0.5883  0.4117  0.0000  0.0000  0.0000
   686.5      68.5   0.897  0.5849  0.4151  0.0000  0.0000  0.0000
   706.5      69.4   0.902  0.5855  0.4145  0.0000  0.0000  0.0000
   726.5      70.3   0.906  0.5836  0.4164  0.0000  0.0000  0.0000
   746.5      71.0   0.911  0.5792  0.4208  0.0000  0.0000  0.0000
   766.5      71.7   0.916  0.5775  0.4225  0.0000  0.0000  0.0000
   786.5      72.4   0.920  0.5737  0.4263  0.0000  0.0000  0.0000
   806.5      73.0   0.925  0.5738  0.4262  0.0000  0.0000  0.0000
   826.5      73.5   0.930  0.5701  0.4299  0.0000  0.0000  0.0000
   846.5      74.0   0.934  0.5695  0.4305  0.0000  0.0000  0.0000
   866.5      74.9   0.939  0.5628  0.4369  0.0004  0.0000  0.0000
   886.5      75.8   0.944  0.5553  0.4440  0.0007  0.0000  0.0000
   906.5      76.7   0.948  0.5509  0.4480  0.0011  0.0000  0.0000
   926.5      77.6   0.953  0.5434  0.4552  0.0014  0.0000  0.0000
   946.5      78.4   0.958  0.5376  0.4606  0.0018  0.0000  0.0000
   966.5      79.2   0.962  0.5309  0.4670  0.0022  0.0000  0.0000
   986.5      80.0   0.967  0.5242  0.4733  0.0025  0.0000  0.0000
  1006.5      80.7   0.970  0.5185  0.4786  0.0029  0.0000  0.0000
  1026.5      81.4   0.972  0.5145  0.4823  0.0032  0.0000  0.0000
  1046.5      82.0   0.973  0.5078  0.4886  0.0036  0.0000  0.0000
  1066.5      82.6   0.974  0.4998  0.4962  0.0039  0.0000  0.0000
  1086.5      83.2   0.975  0.4935  0.5022  0.0043  0.0000  0.0000
  1106.5      83.7   0.976  0.4866  0.5088  0.0047  0.0000  0.0000
  1126.5      84.2   0.978  0.4813  0.5137  0.0050  0.0000  0.0000
  1146.5      84.7   0.979  0.4746  0.5200  0.0054  0.0000  0.0000
  1166.5      85.1   0.980  0.4690  0.5253  0.0057  0.0000  0.0000
  1186.5      85.5   0.981  0.4627  0.5312  0.0061  0.0000  0.0000
  1206.5      85.8   0.982  0.4585  0.5350  0.0065  0.0000  0.0000
  1226.5      86.2   0.984  0.4532  0.5400  0.0069  0.0000  0.0000
  1246.5      86.8   0.985  0.4482  0.5446  0.0071  0.0000  0.0001
  1266.5      87.8   0.986  0.4463  0.5461  0.0073  0.0000  0.0003
  1286.5      88.8   0.987  0.4426  0.5495  0.0074  0.0000  0.0005
  1306.5      89.8   0.988  0.4396  0.5521  0.0076  0.0000  0.0007
  1326.5      90.8   0.990  0.4358  0.5556  0.0077  0.0000  0.0010
  1346.5      91.8   0.991  0.4325  0.5585  0.0078  0.0000  0.0012
  1366.5      92.7   0.992  0.4302  0.5604  0.0080  0.0000  0.0014
  1386.5      93.7   0.993  0.4266  0.5637  0.0081  0.0000  0.0016
  1406.5      94.6   0.994  0.4240  0.5659  0.0083  0.0000  0.0018
  1426.5      95.5   0.996  0.4216  0.5679  0.0084  0.0000  0.0020
  1446.5      96.5   0.997  0.4190  0.5702  0.0086  0.0000  0.0022
  1466.5      97.4   0.998  0.4158  0.5731  0.0087  0.0000  0.0025
  1486.5      98.2   0.999  0.4117  0.5768  0.0088  0.0000  0.0027
  1506.5      99.1   1.000  0.4086  0.5795  0.0090  0.0000  0.0029
  1526.5     100.0   1.001  0.4058  0.5820  0.0091  0.0000  0.0031
  1546.5     100.9   1.001  0.4027  0.5847  0.0093  0.0000  0.0033
  1566.5     101.7   1.002  0.4000  0.5871  0.0094  0.0000  0.0035
  1586.5     102.5   1.003  0.3971  0.5896  0.0096  0.0000  0.0037
  1606.5     103.4   1.003  0.3941  0.5922  0.0097  0.0000  0.0039
  1626.5     104.2   1.004  0.3917  0.5943  0.0099  0.0000  0.0042
  1646.5     105.0   1.004  0.3891  0.5965  0.0100  0.0000  0.0044
  1666.5     105.8   1.005  0.3862  0.5990  0.0102  0.0000  0.0046
  1686.5     106.5   1.006  0.3844  0.6005  0.0103  0.0000  0.0048
  1706.5     107.3   1.006  0.3822  0.6023  0.0105  0.0000  0.0050
  1726.5     108.0   1.007  0.3788  0.6053  0.0106  0.0000  0.0053
  1746.5     108.8   1.007  0.3766  0.6071  0.0108  0.0000  0.0055
  1766.5     109.5   1.008  0.3738  0.6096  0.0109  0.0000  0.0057
  1786.5     110.3   1.009  0.3716  0.6114  0.0111  0.0000  0.0059
  1806.5     111.2   1.009  0.3692  0.6133  0.0113  0.0000  0.0062
  1826.5     112.2   1.010  0.3691  0.6127  0.0116  0.0000  0.0065
  1846.5     113.1   1.010  0.3668  0.6146  0.0118  0.0000  0.0068
  1866.5     114.0   1.011  0.3641  0.6168  0.0120  0.0000  0.0071
  1886.5     114.9   1.012  0.3628  0.6175  0.0123  0.0000  0.0074
  1906.5     115.8   1.012  0.3608  0.6191  0.0125  0.0000  0.0077
  1926.5     116.7   1.013  0.3590  0.6203  0.0127  0.0000  0.0080
  1946.5     117.5   1.013  0.3575  0.6213  0.0129  0.0000  0.0083
  1966.5     118.4   1.014  0.3559  0.6224  0.0132  0.0000  0.0086
  1986.5     119.3   1.015  0.3542  0.6236  0.0134  0.0000  0.0088
  2006.5     120.1   1.015  0.3523  0.6249  0.0136  0.0000  0.0091
  2026.5     121.0   1.016  0.3503  0.6264  0.0139  0.0000  0.0094
  2046.5     121.8   1.016  0.3477  0.6285  0.0141  0.0000  0.0097
  2066.5     122.7   1.016  0.3458  0.6300  0.0143  0.0000  0.0100
  2086.5     123.5   1.017  0.3440  0.6312  0.0145  0.0000  0.0103
  2106.5     124.3   1.017  0.3421  0.6326  0.0147  0.0000  0.0106
  2126.5     125.2   1.018  0.3402  0.6340  0.0150  0.0000  0.0108
  2146.5     126.0   1.018  0.3382  0.6355  0.0152  0.0000  0.0111
  2166.5     126.8   1.018  0.3364  0.6368  0.0154  0.0000  0.0114
  2186.5     127.6   1.019  0.3345  0.6382  0.0156  0.0000  0.0117
  2206.5     128.4   1.019  0.3326  0.6396  0.0159  0.0000  0.0120
  2226.5     129.2   1.020  0.3305  0.6411  0.0161  0.0000  0.0123
  2246.5     129.9   1.020  0.3274  0.6438  0.0163  0.0000  0.0125
  2266.5     130.7   1.020  0.3254  0.6453  0.0165  0.0000  0.0128
  2286.5     131.5   1.021  0.3236  0.6466  0.0167  0.0000  0.0131
  2306.5     132.2   1.021  0.3213  0.6484  0.0169  0.0000  0.0134
  2326.5     133.0   1.022  0.3194  0.6498  0.0171  0.0000  0.0137
  2346.5     133.7   1.022  0.3175  0.6512  0.0174  0.0000  0.0140
  2366.5     134.5   1.022  0.3154  0.6528  0.0176  0.0000  0.0143
  2386.5     135.2   1.023  0.3133  0.6544  0.0178  0.0000  0.0145
  2406.5     135.9   1.023  0.3112  0.6560  0.0180  0.0000  0.0148
  2426.5     136.6   1.024  0.3091  0.6576  0.0182  0.0000  0.0151
  2446.5     137.3   1.024  0.3060  0.6603  0.0184  0.0000  0.0153
  2466.5     138.1   1.024  0.3040  0.6618  0.0186  0.0000  0.0156
  2486.5     138.7   1.025  0.3018  0.6635  0.0188  0.0000  0.0159
  2506.5     139.4   1.025  0.2997  0.6651  0.0190  0.0000  0.0162
  2526.5     140.1   1.026  0.2977  0.6667  0.0192  0.0000  0.0164
  2546.5     140.8   1.026  0.2955  0.6683  0.0194  0.0000  0.0167
  2566.5     141.5   1.026  0.2934  0.6700  0.0197  0.0000  0.0170
  2586.5     142.1   1.027  0.2922  0.6706  0.0199  0.0000  0.0173
  2606.5     142.8   1.027  0.2902  0.6720  0.0202  0.0000  0.0176
  2626.5     143.4   1.028  0.2882  0.6735  0.0204  0.0000  0.0179
  2646.5     144.1   1.028  0.2860  0.6752  0.0206  0.0000  0.0182
  2666.5     144.7   1.028  0.2840  0.6768  0.0208  0.0000  0.0185
  2686.5     145.3   1.029  0.2815  0.6788  0.0210  0.0000  0.0187
  2706.5     146.0   1.029  0.2796  0.6801  0.0212  0.0000  0.0190
  2726.5     146.6   1.030  0.2774  0.6819  0.0214  0.0000  0.0193
  2746.5     147.2   1.030  0.2753  0.6835  0.0216  0.0000  0.0196
  2766.5     147.8   1.030  0.2732  0.6851  0.0218  0.0000  0.0198
  2786.5     148.4   1.031  0.2717  0.6861  0.0221  0.0000  0.0201
  2806.5     149.0   1.031  0.2692  0.6882  0.0223  0.0000  0.0204
  2826.5     149.6   1.032  0.2664  0.6906  0.0224  0.0000  0.0206
  2846.5     150.2   1.032  0.2652  0.6909  0.0229  0.0002  0.0208
  2866.5     151.0   1.032  0.2639  0.6909  0.0237  0.0008  0.0207
  2886.5     151.9   1.033  0.2625  0.6911  0.0245  0.0013  0.0206
  2906.5     152.7   1.033  0.2620  0.6902  0.0253  0.0019  0.0206
  2926.5     153.5   1.034  0.2603  0.6907  0.0261  0.0024  0.0204
  2946.5     154.3   1.034  0.2591  0.6906  0.0269  0.0030  0.0204
  2966.5     155.1   1.034  0.2578  0.6907  0.0277  0.0035  0.0203
  2986.5     155.9   1.035  0.2565  0.6908  0.0285  0.0041  0.0202
  3006.5     156.7   1.035  0.2554  0.6906  0.0293  0.0046  0.0201
  3026.5     157.5   1.035  0.2543  0.6904  0.0301  0.0052  0.0200
  3046.5     158.3   1.035  0.2537  0.6896  0.0309  0.0058  0.0200
  3066.5     159.1   1.036  0.2520  0.6901  0.0317  0.0063  0.0199
  3086.5     159.9   1.036  0.2510  0.6898  0.0325  0.0069  0.0198
  3106.5     160.6   1.036  0.2497  0.6903  0.0328  0.0070  0.0202
  3126.5     161.3   1.036  0.2482  0.6911  0.0330  0.0070  0.0207
  3146.5     162.0   1.036  0.2470  0.6915  0.0333  0.0070  0.0213
  3166.5     162.7   1.037  0.2462  0.6913  0.0336  0.0071  0.0218
  3186.5     163.4   1.037  0.2450  0.6917  0.0338  0.0071  0.0224
  3206.5     164.1   1.037  0.2437  0.6922  0.0341  0.0071  0.0229
  3226.5     164.8   1.037  0.2423  0.6928  0.0343  0.0072  0.0234
  3246.5     165.5   1.037  0.2412  0.6931  0.0346  0.0072  0.0239
  3266.5     166.2   1.038  0.2405  0.6929  0.0349  0.0073  0.0245
  3286.5     166.8   1.038  0.2391  0.6934  0.0351  0.0073  0.0250
  3306.5     167.5   1.038  0.2379  0.6938  0.0354  0.0073  0.0255
  3326.5     168.2   1.038  0.2367  0.6942  0.0356  0.0074  0.0261
  3346.5     168.8   1.038  0.2350  0.6952  0.0358  0.0074  0.0265
  3366.5     169.5   1.039  0.2338  0.6956  0.0361  0.0074  0.0271
  3386.5     170.2   1.039  0.2329  0.6957  0.0364  0.0075  0.0276
  3406.5     170.8   1.039  0.2317  0.6961  0.0366  0.0075  0.0282
  3426.5     171.5   1.039  0.2305  0.6964  0.0369  0.0075  0.0287
  3446.5     172.1   1.039  0.2293  0.6968  0.0371  0.0076  0.0292
  3466.5     172.7   1.040  0.2281  0.6971  0.0374  0.0076  0.0298
  3486.5     173.4   1.040  0.2272  0.6972  0.0377  0.0077  0.0303
  3506.5     174.0   1.040  0.2259  0.6977  0.0379  0.0077  0.0308
  3526.5     174.6   1.040  0.2247  0.6980  0.0382  0.0077  0.0314
  3546.5     175.2   1.040  0.2235  0.6984  0.0384  0.0078  0.0319
  3566.5     175.9   1.041  0.2223  0.6987  0.0387  0.0078  0.0324
  3586.5     176.5   1.041  0.2208  0.6995  0.0389  0.0078  0.0329
  3606.5     177.1   1.041  0.2196  0.6999  0.0392  0.0079  0.0335
  3626.5     177.7   1.041  0.2184  0.7003  0.0394  0.0079  0.0340
  3646.5     178.3   1.041  0.2172  0.7007  0.0397  0.0079  0.0345
  3666.5     178.9   1.042  0.2161  0.7009  0.0399  0.0080  0.0351
  3686.5     179.5   1.042  0.2151  0.7011  0.0402  0.0080  0.0356
  3706.5     180.1   1.042  0.2138  0.7015  0.0405  0.0080  0.0361
  3726.5     180.7   1.042  0.2126  0.7019  0.0407  0.0081  0.0367
  3746.5     181.2   1.042  0.2115  0.7022  0.0410  0.0081  0.0372
  3766.5     181.8   1.043  0.2103  0.7026  0.0412  0.0081  0.0378
  3786.5     182.4   1.043  0.2092  0.7028  0.0415  0.0082  0.0383
  3806.5     183.0   1.043  0.2080  0.7032  0.0418  0.0082  0.0388
  3826.5     183.5   1.043  0.2068  0.7036  0.0420  0.0083  0.0394
  3846.5     184.1   1.043  0.2056  0.7039  0.0423  0.0083  0.0399
  3866.5     184.6   1.044  0.2037  0.7053  0.0424  0.0083  0.0403
  3886.5     185.2   1.044  0.2027  0.7055  0.0427  0.0083  0.0409
  3906.5     185.7   1.044  0.2014  0.7058  0.0429  0.0084  0.0414
  3926.5     186.3   1.044  0.2003  0.7062  0.0432  0.0084  0.0419
  3946.5     186.8   1.044  0.1991  0.7065  0.0435  0.0085  0.0425
  3966.5     187.4   1.045  0.1979  0.7069  0.0437  0.0085  0.0430
  3986.5     187.9   1.045  0.1967  0.7073  0.0440  0.0085  0.0435
  4006.5     188.4   1.045  0.1956  0.7076  0.0442  0.0086  0.0441
  4026.5     188.9   1.045  0.1943  0.7080  0.0445  0.0086  0.0446
  4046.5     189.5   1.045  0.1931  0.7084  0.0447  0.0086  0.0451
  4066.5     190.0   1.046  0.1919  0.7088  0.0450  0.0087  0.0456
  4086.5     190.5   1.046  0.1908  0.7091  0.0453  0.0087  0.0462
  4106.5     191.0   1.046  0.1896  0.7094  0.0455  0.0088  0.0467
  4126.5     191.5   1.046  0.1883  0.7099  0.0458  0.0088  0.0473
  4146.5     192.0   1.046  0.1866  0.7111  0.0459  0.0088  0.0477
  4166.5     192.5   1.047  0.1854  0.7114  0.0461  0.0088  0.0482
  4186.5     193.0   1.047  0.1842  0.7118  0.0464  0.0089  0.0487
  4206.5     193.4   1.047  0.1830  0.7122  0.0467  0.0089  0.0493
  4226.5     193.9   1.047  0.1818  0.7125  0.0469  0.0089  0.0498
  4246.5     194.4   1.047  0.1807  0.7128  0.0472  0.0090  0.0503
  4266.5     194.9   1.048  0.1795  0.7132  0.0474  0.0090  0.0509
  4286.5     195.3   1.048  0.1782  0.7138  0.0477  0.0090  0.0514
  4306.5     195.8   1.048  0.1769  0.7143  0.0479  0.0091  0.0519
  4326.5     196.3   1.048  0.1757  0.7146  0.0482  0.0091  0.0524
  4346.5     196.7   1.048  0.1745  0.7149  0.0484  0.0092  0.0529
  4366.5     197.2   1.049  0.1739  0.7144  0.0488  0.0092  0.0537
  4386.5     197.6   1.049  0.1728  0.7147  0.0491  0.0093  0.0542
  4406.5     198.1   1.049  0.1716  0.7149  0.0494  0.0093  0.0548
  4426.5     198.5   1.049  0.1705  0.7152  0.0496  0.0093  0.0553
  4446.5     198.9   1.049  0.1691  0.7160  0.0498  0.0094  0.0558
  4466.5     199.4   1.050  0.1677  0.7166  0.0501  0.0094  0.0563
  4486.5     199.8   1.050  0.1658  0.7182  0.0501  0.0094  0.0565
  4506.5     200.3   1.050  0.1650  0.7186  0.0503  0.0094  0.0567
  4526.5     200.8   1.050  0.1646  0.7192  0.0504  0.0094  0.0564
  4546.5     201.3   1.050  0.1642  0.7198  0.0506  0.0094  0.0561
  4566.5     201.8   1.051  0.1637  0.7206  0.0507  0.0093  0.0558
  4586.5     202.2   1.051  0.1634  0.7209  0.0508  0.0093  0.0556
  4606.5     202.7   1.051  0.1631  0.7213  0.0510  0.0093  0.0553
  4626.5     203.2   1.051  0.1627  0.7218  0.0511  0.0093  0.0551
  4646.5     203.7   1.051  0.1624  0.7223  0.0513  0.0093  0.0548
  4666.5     204.2   1.052  0.1620  0.7228  0.0514  0.0093  0.0545
  4686.5     204.7   1.052  0.1616  0.7233  0.0516  0.0092  0.0543
  4706.5     205.1   1.052  0.1611  0.7240  0.0517  0.0092  0.0540
  4726.5     205.6   1.052  0.1607  0.7246  0.0518  0.0092  0.0537
  4746.5     206.1   1.052  0.1604  0.7251  0.0519  0.0092  0.0534
  4766.5     206.5   1.053  0.1601  0.7255  0.0521  0.0092  0.0531
  4786.5     207.0   1.053  0.1597  0.7260  0.0522  0.0091  0.0529
  4806.5     207.4   1.053  0.1593  0.7265  0.0524  0.0091  0.0526
  4826.5     207.9   1.053  0.1585  0.7278  0.0524  0.0091  0.0522
  4846.5     208.3   1.053  0.1581  0.7284  0.0525  0.0091  0.0519
  4866.5     208.8   1.054  0.1577  0.7289  0.0527  0.0090  0.0516
  4886.5     209.2   1.054  0.1573  0.7295  0.0528  0.0090  0.0514
  4906.5     209.7   1.054  0.1570  0.7300  0.0529  0.0090  0.0511
  4926.5     210.1   1.054  0.1566  0.7305  0.0531  0.0090  0.0508
  4946.5     210.5   1.054  0.1562  0.7310  0.0532  0.0090  0.0505
  4966.5     210.9   1.055  0.1558  0.7316  0.0534  0.0090  0.0503
  4986.5     211.4   1.055  0.1555  0.7321  0.0535  0.0089  0.0500
  5006.5     211.8   1.055  0.1550  0.7327  0.0536  0.0089  0.0497
  5026.5     212.2   1.055  0.1547  0.7332  0.0538  0.0089  0.0494
  5046.5     212.6   1.055  0.1543  0.7338  0.0539  0.0089  0.0492
  5066.5     213.0   1.055  0.1539  0.7343  0.0540  0.0089  0.0489
  5086.5     213.4   1.056  0.1535  0.7348  0.0542  0.0088  0.0486
  5106.5     213.8   1.056  0.1532  0.7353  0.0543  0.0088  0.0484
  5126.5     214.2   1.056  0.1528  0.7359  0.0545  0.0088  0.0481
  5146.5     214.6   1.056  0.1524  0.7365  0.0546  0.0088  0.0478
  5166.5     215.0   1.056  0.1520  0.7370  0.0547  0.0088  0.0475
  5186.5     215.4   1.056  0.1511  0.7384  0.0547  0.0087  0.0471
  5206.5     215.8   1.057  0.1508  0.7389  0.0548  0.0087  0.0468
  5226.5     216.2   1.057  0.1504  0.7394  0.0550  0.0087  0.0465
  5246.5     216.6   1.057  0.1500  0.7400  0.0551  0.0087  0.0463
  5266.5     216.9   1.057  0.1496  0.7405  0.0553  0.0087  0.0460
  5286.5     217.3   1.057  0.1492  0.7410  0.0554  0.0086  0.0457
  5306.5     217.7   1.057  0.1488  0.7416  0.0555  0.0086  0.0454
  5326.5     218.1   1.057  0.1484  0.7422  0.0557  0.0086  0.0451
  5346.5     218.4   1.058  0.1480  0.7427  0.0558  0.0086  0.0449
  5366.5     218.8   1.058  0.1477  0.7432  0.0559  0.0086  0.0446
  5386.5     219.1   1.058  0.1473  0.7438  0.0561  0.0085  0.0443
  5406.5     219.5   1.058  0.1469  0.7443  0.0562  0.0085  0.0441
  5426.5     219.8   1.058  0.1465  0.7448  0.0564  0.0085  0.0438
  5446.5     220.2   1.058  0.1461  0.7455  0.0565  0.0085  0.0435
  5466.5     220.5   1.058  0.1457  0.7460  0.0566  0.0085  0.0432
  5486.5     220.9   1.059  0.1453  0.7465  0.0568  0.0085  0.0429
  5506.5     221.2   1.059  0.1449  0.7471  0.0569  0.0084  0.0427
  5526.5     221.5   1.059  0.1445  0.7476  0.0570  0.0084  0.0424
  5546.5     221.8   1.059  0.1441  0.7482  0.0572  0.0084  0.0421
  5566.5     222.2   1.059  0.1438  0.7487  0.0573  0.0084  0.0418
  5586.5     222.5   1.059  0.1434  0.7492  0.0575  0.0084  0.0416
  5606.5     222.8   1.060  0.1430  0.7498  0.0576  0.0083  0.0413
  5626.5     223.1   1.060  0.1425  0.7505  0.0577  0.0083  0.0410
  5646.5     223.4   1.060  0.1417  0.7518  0.0577  0.0083  0.0406
  5666.5     223.7   1.060  0.1414  0.7522  0.0578  0.0083  0.0403
  5686.5     224.0   1.060  0.1409  0.7529  0.0579  0.0082  0.0400
  5706.5     224.3   1.060  0.1406  0.7534  0.0581  0.0082  0.0397
  5726.5     224.6   1.060  0.1402  0.7539  0.0582  0.0082  0.0395
  5746.5     224.9   1.061  0.1398  0.7545  0.0584  0.0082  0.0392
  5766.5     225.2   1.061  0.1394  0.7550  0.0585  0.0082  0.0389
  5786.5     225.5   1.061  0.1390  0.7556  0.0586  0.0082  0.0386
  5806.5     225.8   1.061  0.1386  0.7562  0.0587  0.0081  0.0383
  5826.5     226.1   1.061  0.1381  0.7569  0.0588  0.0081  0.0380
  5846.5     226.4   1.061  0.1377  0.7575  0.0590  0.0081  0.0377
  5866.5     226.6   1.061  0.1373  0.7581  0.0591  0.0081  0.0375
  5886.5     226.9   1.062  0.1369  0.7587  0.0592  0.0081  0.0372
  5906.5     227.2   1.062  0.1365  0.7592  0.0594  0.0080  0.0369
  5926.5     227.4   1.062  0.1361  0.7598  0.0595  0.0080  0.0366
  5946.5     227.7   1.062  0.1357  0.7603  0.0597  0.0080  0.0364
  5966.5     227.9   1.062  0.1353  0.7608  0.0598  0.0080  0.0361
  5986.5     228.2   1.062  0.1350  0.7613  0.0599  0.0080  0.0358
  6006.5     228.4   1.063  0.1346  0.7618  0.0601  0.0079  0.0355
  6026.5     228.7   1.063  0.1342  0.7624  0.0602  0.0079  0.0353
  6046.5     228.9   1.063  0.1336  0.7632  0.0603  0.0079  0.0349
  6066.5     229.2   1.063  0.1332  0.7638  0.0604  0.0079  0.0347
  6086.5     229.4   1.063  0.1328  0.7644  0.0605  0.0079  0.0344
  6106.5     229.6   1.063  0.1324  0.7650  0.0607  0.0078  0.0341
  6126.5     229.9   1.063  0.1321  0.7654  0.0609  0.0078  0.0338
  6146.5     230.4   1.064  0.1321  0.7653  0.0608  0.0079  0.0340
  6166.5     231.1   1.064  0.1315  0.7660  0.0605  0.0079  0.0341
  6186.5     231.7   1.064  0.1313  0.7662  0.0604  0.0079  0.0342
  6206.5     232.4   1.064  0.1311  0.7664  0.0602  0.0079  0.0344
  6226.5     233.0   1.064  0.1308  0.7667  0.0601  0.0079  0.0345
  6246.5     233.7   1.064  0.1305  0.7670  0.0599  0.0079  0.0347
  6266.5     234.3   1.064  0.1303  0.7671  0.0597  0.0079  0.0349
  6286.5     234.9   1.065  0.1302  0.7672  0.0596  0.0080  0.0350
  6306.5     235.6   1.065  0.1300  0.7674  0.0594  0.0080  0.0352
  6326.5     236.2   1.065  0.1298  0.7675  0.0593  0.0080  0.0354
  6346.5     236.9   1.065  0.1296  0.7677  0.0592  0.0080  0.0356
  6366.5     237.5   1.065  0.1294  0.7679  0.0590  0.0081  0.0357
  6386.5     238.1   1.065  0.1292  0.7680  0.0589  0.0081  0.0359
  6406.5     238.8   1.066  0.1289  0.7682  0.0587  0.0081  0.0361
  6426.5     239.4   1.066  0.1284  0.7690  0.0584  0.0081  0.0361
  6446.5     240.1   1.066  0.1281  0.7692  0.0582  0.0081  0.0363
  6466.5     240.7   1.066  0.1279  0.7694  0.0581  0.0081  0.0365
  6486.5     241.3   1.066  0.1277  0.7695  0.0579  0.0082  0.0367
  6506.5     242.0   1.066  0.1276  0.7696  0.0578  0.0082  0.0368
  6526.5     242.6   1.066  0.1274  0.7697  0.0577  0.0082  0.0370
  6546.5     243.2   1.067  0.1272  0.7699  0.0575  0.0082  0.0372
  6566.5     243.9   1.067  0.1270  0.7700  0.0574  0.0082  0.0374
  6586.5     244.5   1.067  0.1268  0.7702  0.0572  0.0083  0.0375
  6606.5     245.1   1.067  0.1266  0.7703  0.0571  0.0083  0.0377
  6626.5     245.8   1.067  0.1264  0.7705  0.0569  0.0083  0.0379
  6646.5     246.4   1.067  0.1261  0.7707  0.0568  0.0083  0.0380
  6666.5     247.0   1.067  0.1256  0.7714  0.0565  0.0083  0.0381
  6686.5     247.6   1.068  0.1254  0.7717  0.0563  0.0083  0.0383
  6706.5     248.3   1.068  0.1252  0.7718  0.0562  0.0084  0.0385
  6726.5     248.9   1.068  0.1250  0.7719  0.0560  0.0084  0.0387
  6746.5     249.5   1.068  0.1248  0.7721  0.0559  0.0084  0.0388
  6766.5     250.1   1.068  0.1246  0.7722  0.0557  0.0084  0.0390
  6786.5     250.8   1.068  0.1244  0.7723  0.0556  0.0085  0.0392
  6806.5     251.4   1.069  0.1241  0.7726  0.0554  0.0085  0.0393
  6826.5     252.0   1.069  0.1239  0.7728  0.0553  0.0085  0.0395
  6846.5     252.6   1.069  0.1237  0.7730  0.0551  0.0085  0.0397
  6866.5     253.3   1.069  0.1235  0.7731  0.0550  0.0085  0.0399
  6886.5     253.9   1.069  0.1233  0.7732  0.0548  0.0086  0.0400
  6906.5     254.5   1.069  0.1231  0.7734  0.0547  0.0086  0.0402
  6926.5     255.1   1.069  0.1225  0.7743  0.0544  0.0086  0.0403
  6946.5     255.7   1.070  0.1224  0.7743  0.0542  0.0086  0.0405
  6966.5     256.4   1.070  0.1222  0.7745  0.0541  0.0086  0.0406
  6986.5     257.0   1.070  0.1220  0.7747  0.0539  0.0086  0.0408
  7006.5     257.6   1.070  0.1217  0.7748  0.0538  0.0087  0.0410
  7026.5     258.2   1.070  0.1215  0.7751  0.0536  0.0087  0.0411
  7046.5     258.8   1.070  0.1213  0.7752  0.0535  0.0087  0.0413
  7066.5     259.4   1.070  0.1211  0.7754  0.0533  0.0087  0.0415
  7086.5     260.1   1.070  0.1209  0.7755  0.0532  0.0087  0.0417
  7106.5     260.7   1.070  0.1207  0.7757  0.0530  0.0088  0.0418
  7126.5     261.3   1.070  0.1205  0.7759  0.0529  0.0088  0.0420
  7146.5     261.9   1.070  0.1202  0.7761  0.0527  0.0088  0.0422
  7166.5     262.5   1.071  0.1197  0.7768  0.0524  0.0088  0.0422
  7186.5     263.1   1.071  0.1195  0.7769  0.0523  0.0088  0.0424
  7206.5     263.7   1.071  0.1193  0.7772  0.0521  0.0088  0.0426
  7226.5     264.3   1.071  0.1191  0.7774  0.0520  0.0089  0.0428
  7246.5     265.0   1.071  0.1189  0.7775  0.0518  0.0089  0.0429
  7266.5     265.6   1.071  0.1187  0.7777  0.0517  0.0089  0.0431
  7286.5     266.2   1.071  0.1185  0.7778  0.0515  0.0089  0.0433
  7306.5     266.8   1.071  0.1182  0.7780  0.0513  0.0090  0.0435
  7326.5     267.4   1.071  0.1180  0.7782  0.0512  0.0090  0.0436
  7346.5     268.0   1.071  0.1178  0.7784  0.0510  0.0090  0.0438
  7366.5     268.6   1.071  0.1176  0.7786  0.0509  0.0090  0.0440
  7386.5     269.2   1.071  0.1174  0.7787  0.0507  0.0090  0.0441
  7406.5     269.8   1.071  0.1171  0.7789  0.0506  0.0091  0.0443
  7426.5     270.4   1.071  0.1167  0.7796  0.0503  0.0091  0.0444
  7446.5     271.0   1.071  0.1164  0.7797  0.0502  0.0091  0.0446
  7466.5     271.6   1.072  0.1163  0.7799  0.0500  0.0091  0.0447
  7486.5     272.2   1.072  0.1160  0.7802  0.0498  0.0091  0.0449
  7506.5     272.8   1.072  0.1158  0.7804  0.0497  0.0091  0.0451
  7526.5     273.4   1.072  0.1156  0.7805  0.0495  0.0092  0.0453
  7546.5     274.0   1.072  0.1153  0.7807  0.0494  0.0092  0.0454
  7566.5     274.6   1.072  0.1151  0.7808  0.0492  0.0092  0.0456
  7586.5     275.2   1.072  0.1149  0.7811  0.0490  0.0092  0.0458
  7606.5     275.8   1.072  0.1147  0.7813  0.0489  0.0092  0.0459
  7626.5     276.4   1.072  0.1145  0.7814  0.0487  0.0093  0.0461
  7646.5     277.0   1.072  0.1142  0.7816  0.0486  0.0093  0.0463
  7666.5     277.6   1.072  0.1140  0.7819  0.0484  0.0093  0.0464
  7686.5     278.2   1.072  0.1135  0.7825  0.0482  0.0093  0.0465
  7706.5     278.8   1.072  0.1133  0.7827  0.0480  0.0093  0.0467
  7726.5     279.4   1.072  0.1131  0.7829  0.0478  0.0093  0.0469
  7746.5     280.0   1.072  0.1128  0.7832  0.0477  0.0094  0.0470
  7766.5     280.6   1.073  0.1126  0.7833  0.0475  0.0094  0.0472
  7786.5     281.2   1.073  0.1124  0.7835  0.0474  0.0094  0.0474
  7806.5     281.7   1.073  0.1122  0.7837  0.0472  0.0094  0.0475
  7826.5     282.3   1.073  0.1119  0.7838  0.0471  0.0094  0.0477
  7846.5     282.9   1.073  0.1117  0.7841  0.0469  0.0095  0.0479
  7866.5     283.5   1.073  0.1115  0.7842  0.0467  0.0095  0.0481
  7886.5     284.1   1.073  0.1113  0.7844  0.0466  0.0095  0.0482
  7906.5     284.7   1.073  0.1110  0.7846  0.0464  0.0095  0.0484
  7926.5     285.3   1.073  0.1108  0.7848  0.0463  0.0095  0.0486
  7946.5     285.9   1.073  0.1105  0.7851  0.0461  0.0096  0.0487
  7966.5     286.4   1.073  0.1101  0.7856  0.0459  0.0096  0.0488
  7986.5     287.0   1.073  0.1099  0.7859  0.0457  0.0096  0.0490
  8006.5     287.6   1.073  0.1096  0.7861  0.0455  0.0096  0.0491
  8026.5     288.2   1.073  0.1094  0.7863  0.0454  0.0096  0.0493
  8046.5     288.8   1.073  0.1092  0.7865  0.0452  0.0097  0.0495
  8066.5     289.4   1.074  0.1090  0.7867  0.0450  0.0097  0.0497
  8086.5     289.9   1.074  0.1087  0.7869  0.0449  0.0097  0.0498
  8106.5     290.5   1.074  0.1085  0.7871  0.0447  0.0097  0.0500
  8126.5     291.1   1.074  0.1082  0.7873  0.0445  0.0097  0.0501
  8146.5     291.7   1.074  0.1080  0.7876  0.0444  0.0097  0.0503
  8166.5     292.3   1.074  0.1078  0.7877  0.0442  0.0098  0.0505
  8186.5     292.8   1.074  0.1075  0.7880  0.0441  0.0098  0.0507
  8206.5     293.4   1.074  0.1073  0.7882  0.0439  0.0098  0.0508
  8226.5     294.0   1.074  0.1069  0.7888  0.0436  0.0098  0.0509
  8246.5     294.6   1.074  0.1067  0.7890  0.0435  0.0098  0.0511
  8266.5     295.1   1.074  0.1064  0.7892  0.0433  0.0098  0.0512
  8286.5     295.7   1.074  0.1062  0.7894  0.0432  0.0099  0.0514
  8306.5     296.3   1.074  0.1059  0.7897  0.0430  0.0099  0.0515
  8326.5     296.9   1.074  0.1057  0.7899  0.0428  0.0099  0.0517
  8346.5     297.4   1.074  0.1055  0.7901  0.0427  0.0099  0.0519
  8366.5     298.0   1.075  0.1052  0.7902  0.0425  0.0099  0.0521
  8386.5     298.6   1.075  0.1050  0.7905  0.0423  0.0100  0.0522
  8406.5     299.1   1.075  0.1047  0.7907  0.0422  0.0100  0.0524
  8426.5     299.7   1.075  0.1045  0.7910  0.0420  0.0100  0.0525
  8446.5     300.3   1.075  0.1043  0.7912  0.0418  0.0100  0.0527
  8466.5     300.8   1.075  0.1041  0.7913  0.0417  0.0100  0.0529
  8486.5     301.4   1.075  0.1037  0.7917  0.0415  0.0101  0.0530
  8506.5     302.0   1.075  0.1034  0.7921  0.0413  0.0101  0.0531
  8526.5     302.5   1.075  0.1032  0.7923  0.0411  0.0101  0.0533
  8546.5     303.1   1.075  0.1029  0.7926  0.0409  0.0101  0.0535
  8566.5     303.7   1.075  0.1027  0.7928  0.0408  0.0101  0.0536
  8586.5     304.2   1.075  0.1024  0.7930  0.0406  0.0101  0.0538
  8606.5     304.8   1.075  0.1022  0.7933  0.0405  0.0102  0.0540
  8626.5     305.4   1.075  0.1019  0.7935  0.0403  0.0102  0.0541
  8646.5     305.9   1.075  0.1017  0.7937  0.0401  0.0102  0.0543
  8666.5     306.5   1.076  0.1014  0.7939  0.0400  0.0102  0.0545
  8686.5     307.1   1.076  0.1012  0.7942  0.0398  0.0102  0.0546
  8706.5     307.6   1.076  0.1010  0.7944  0.0396  0.0103  0.0548
  8726.5     308.2   1.076  0.1007  0.7946  0.0395  0.0103  0.0549
  8746.5     308.7   1.076  0.1004  0.7949  0.0393  0.0103  0.0551
  8766.5     309.3   1.076  0.1002  0.7951  0.0391  0.0103  0.0553
  8786.5     309.8   1.076  0.0998  0.7956  0.0389  0.0103  0.0554
  8806.5     310.4   1.076  0.0995  0.7959  0.0387  0.0103  0.0555
  8826.5     311.0   1.076  0.0993  0.7960  0.0386  0.0104  0.0557
  8846.5     311.5   1.076  0.0991  0.7963  0.0384  0.0104  0.0558
  8866.5     312.1   1.076  0.0988  0.7966  0.0382  0.0104  0.0560
  8886.5     312.6   1.076  0.0986  0.7968  0.0381  0.0104  0.0561
  8906.5     313.2   1.076  0.0983  0.7970  0.0379  0.0104  0.0563
  8926.5     313.7   1.076  0.0981  0.7973  0.0377  0.0104  0.0565
  8946.5     314.3   1.076  0.0979  0.7975  0.0376  0.0105  0.0566
  8966.5     314.8   1.077  0.0976  0.7976  0.0374  0.0105  0.0568
  8986.5     315.4   1.077  0.0973  0.7980  0.0372  0.0105  0.0570
  9006.5     315.9   1.077  0.0971  0.7982  0.0371  0.0105  0.0571
  9026.5     316.5   1.077  0.0969  0.7984  0.0369  0.0105  0.0573
  9046.5     317.0   1.077  0.0966  0.7986  0.0367  0.0106  0.0575
  9066.5     317.6   1.077  0.0962  0.7991  0.0365  0.0106  0.0575
  9086.5     318.1   1.077  0.0960  0.7994  0.0363  0.0106  0.0577
  9106.5     318.7   1.077  0.0957  0.7996  0.0362  0.0106  0.0579
  9126.5     319.2   1.077  0.0955  0.7998  0.0360  0.0106  0.0580
  9146.5     319.8   1.077  0.0952  0.8001  0.0358  0.0106  0.0582
  9166.5     320.3   1.077  0.0950  0.8003  0.0357  0.0107  0.0583
  9186.5     320.8   1.077  0.0947  0.8006  0.0355  0.0107  0.0585
  9206.5     321.4   1.077  0.0945  0.8008  0.0353  0.0107  0.0587
  9226.5     321.9   1.077  0.0942  0.8011  0.0352  0.0107  0.0588
  9246.5     322.5   1.077  0.0939  0.8014  0.0350  0.0107  0.0589
  9266.5     323.0   1.078  0.0937  0.8016  0.0348  0.0107  0.0591
  9286.5     323.6   1.078  0.0934  0.8020  0.0346  0.0108  0.0592
  9306.5     324.1   1.078  0.0932  0.8022  0.0345  0.0108  0.0594
  9326.5     324.6   1.078  0.0930  0.8023  0.0343  0.0108  0.0596
  9346.5     325.2   1.078  0.0926  0.8029  0.0341  0.0108  0.0597
  9366.5     325.7   1.078  0.0923  0.8031  0.0339  0.0108  0.0598
  9386.5     326.2   1.078  0.0921  0.8033  0.0338  0.0108  0.0600
  9406.5     326.8   1.078  0.0919  0.8035  0.0336  0.0109  0.0602
  9426.5     327.3   1.078  0.0916  0.8037  0.0334  0.0109  0.0603
  9446.5     327.9   1.078  0.0914  0.8040  0.0333  0.0109  0.0605
  9466.5     328.4   1.078  0.0911  0.8042  0.0331  0.0109  0.0607
  9486.5     328.9   1.078  0.0909  0.8045  0.0329  0.0109  0.0608
  9506.5     329.5   1.078  0.0906  0.8048  0.0327  0.0109  0.0609
  9526.5     330.0   1.078  0.0903  0.8051  0.0326  0.0110  0.0611
  9546.5     330.5   1.078  0.0901  0.8053  0.0324  0.0110  0.0612
  9566.5     331.1   1.079  0.0898  0.8056  0.0322  0.0110  0.0614
  9586.5     331.6   1.079  0.0896  0.8058  0.0321  0.0110  0.0616
  9606.5     332.1   1.079  0.0893  0.8060  0.0319  0.0110  0.0617
  9626.5     332.6   1.079  0.0891  0.8063  0.0317  0.0110  0.0619
  9646.5     333.2   1.079  0.0888  0.8066  0.0315  0.0111  0.0620
  9666.5     333.7   1.079  0.0885  0.8069  0.0314  0.0111  0.0621
  9686.5     334.2   1.079  0.0883  0.8071  0.0312  0.0111  0.0623
  9706.5     334.8   1.079  0.0880  0.8073  0.0310  0.0111  0.0625
  9726.5     335.3   1.079  0.0879  0.8074  0.0309  0.0111  0.0627
  9746.5     335.8   1.079  0.0877  0.8075  0.0308  0.0112  0.0629
  9766.5     336.3   1.079  0.0874  0.8079  0.0306  0.0112  0.0630
  9786.5     336.8   1.079  0.0871  0.8082  0.0304  0.0112  0.0632
  9806.5     337.4   1.079  0.0868  0.8085  0.0302  0.0112  0.0633
  9826.5     337.9   1.079  0.0865  0.8089  0.0300  0.0112  0.0634
  9846.5     338.4   1.079  0.0862  0.8093  0.0298  0.0112  0.0635
  9866.5     338.9   1.080  0.0859  0.8096  0.0297  0.0112  0.0636
  9886.5     339.5   1.080  0.0857  0.8096  0.0295  0.0113  0.0639
  9906.5     340.0   1.080  0.0857  0.8095  0.0295  0.0113  0.0640
  9926.5     340.5   1.080  0.0856  0.8095  0.0295  0.0113  0.0640
  9946.5     340.9   1.080  0.0855  0.8098  0.0296  0.0113  0.0639
  9966.5     341.4   1.080  0.0853  0.8101  0.0296  0.0113  0.0638
  9986.5     341.9   1.080  0.0851  0.8104  0.0296  0.0113  0.0636
 10006.5     342.4   1.080  0.0849  0.8106  0.0296  0.0113  0.0636
 10026.5     342.9   1.080  0.0848  0.8107  0.0297  0.0113  0.0635
 10046.5     343.4   1.080  0.0846  0.8110  0.0297  0.0113  0.0634
 10066.5     343.9   1.080  0.0845  0.8111  0.0298  0.0113  0.0633
 10086.5     344.4   1.080  0.0845  0.8110  0.0299  0.0113  0.0633
 10106.5     344.8   1.080  0.0845  0.8109  0.0299  0.0113  0.0633
 10126.5     345.3   1.080  0.0844  0.8111  0.0300  0.0113  0.0632
 10146.5     345.8   1.080  0.0843  0.8112  0.0300  0.0113  0.0631
 10166.5     346.3   1.080  0.0842  0.8114  0.0301  0.0113  0.0631
 10186.5     346.8   1.080  0.0841  0.8115  0.0301  0.0113  0.0630
 10206.5     347.3   1.080  0.0839  0.8117  0.0302  0.0113  0.0629
 10226.5     347.7   1.080  0.0838  0.8118  0.0302  0.0113  0.0629
 10246.5     348.2   1.080  0.0837  0.8119  0.0303  0.0113  0.0628
 10266.5     348.7   1.081  0.0835  0.8123  0.0303  0.0113  0.0626
 10286.5     349.2   1.081  0.0833  0.8125  0.0303  0.0113  0.0625
 10306.5     349.6   1.081  0.0832  0.8127  0.0304  0.0113  0.0624
 10326.5     350.1   1.081  0.0831  0.8129  0.0304  0.0113  0.0623
 10346.5     350.6   1.081  0.0829  0.8131  0.0305  0.0113  0.0623
 10366.5     351.1   1.081  0.0828  0.8132  0.0305  0.0113  0.0622
 10386.5     351.5   1.081  0.0827  0.8134  0.0306  0.0113  0.0621
 10406.5     352.0   1.081  0.0826  0.8135  0.0306  0.0113  0.0620
 10426.5     352.5   1.081  0.0825  0.8136  0.0307  0.0113  0.0620
 10446.5     353.0   1.081  0.0824  0.8136  0.0307  0.0113  0.0619
 10466.5     353.4   1.081  0.0823  0.8138  0.0308  0.0113  0.0619
 10486.5     353.9   1.081  0.0823  0.8137  0.0309  0.0113  0.0618
 10506.5     354.4   1.081  0.0822  0.8139  0.0309  0.0113  0.0618
 10526.5     354.8   1.081  0.0820  0.8141  0.0309  0.0113  0.0617
 10546.5     355.3   1.081  0.0819  0.8143  0.0310  0.0113  0.0616
 10566.5     355.8   1.081  0.0818  0.8144  0.0310  0.0113  0.0615
 10586.5     356.2   1.081  0.0816  0.8146  0.0311  0.0113  0.0614
 10606.5     356.7   1.081  0.0814  0.8150  0.0311  0.0113  0.0613
 10626.5     357.2   1.081  0.0813  0.8152  0.0311  0.0113  0.0612
 10646.5     357.6   1.081  0.0812  0.8153  0.0312  0.0113  0.0611
 10666.5     358.1   1.081  0.0811  0.8154  0.0312  0.0113  0.0610
 10686.5     358.5   1.081  0.0809  0.8156  0.0313  0.0113  0.0610
 10706.5     359.0   1.081  0.0808  0.8157  0.0313  0.0113  0.0609
 10726.5     359.5   1.081  0.0807  0.8158  0.0314  0.0113  0.0608
 10746.5     359.9   1.081  0.0806  0.8160  0.0314  0.0113  0.0608
 10766.5     360.4   1.082  0.0805  0.8161  0.0315  0.0113  0.0607
 10786.5     360.8   1.082  0.0804  0.8162  0.0315  0.0113  0.0606
 10806.5     361.3   1.082  0.0803  0.8163  0.0316  0.0113  0.0605
 10826.5     361.8   1.082  0.0802  0.8165  0.0316  0.0113  0.0605
 10846.5     362.2   1.082  0.0801  0.8165  0.0317  0.0113  0.0604
 10866.5     362.7   1.082  0.0800  0.8167  0.0317  0.0113  0.0603
 10886.5     363.1   1.082  0.0799  0.8168  0.0318  0.0113  0.0603
 10906.5     363.6   1.082  0.0797  0.8171  0.0318  0.0113  0.0602
 10926.5     364.0   1.082  0.0796  0.8171  0.0319  0.0113  0.0601
 10946.5     364.5   1.082  0.0794  0.8175  0.0319  0.0112  0.0600
 10966.5     364.9   1.082  0.0793  0.8177  0.0319  0.0112  0.0599
 10986.5     365.4   1.082  0.0792  0.8178  0.0320  0.0112  0.0598
 11006.5     365.8   1.082  0.0790  0.8180  0.0320  0.0112  0.0597
 11026.5     366.3   1.082  0.0790  0.8181  0.0321  0.0112  0.0597
 11046.5     366.7   1.082  0.0788  0.8183  0.0321  0.0112  0.0596
 11066.5     367.2   1.082  0.0787  0.8184  0.0322  0.0112  0.0595
 11086.5     367.6   1.082  0.0786  0.8185  0.0322  0.0112  0.0594
 11106.5     368.1   1.082  0.0785  0.8186  0.0323  0.0112  0.0594
 11126.5     368.5   1.082  0.0784  0.8188  0.0323  0.0112  0.0593
 11146.5     368.9   1.082  0.0783  0.8189  0.0324  0.0112  0.0592
 11166.5     369.4   1.082  0.0781  0.8191  0.0324  0.0112  0.0591
 11186.5     369.8   1.082  0.0780  0.8192  0.0325  0.0112  0.0591
 11206.5     370.3   1.082  0.0779  0.8193  0.0325  0.0112  0.0590
 11226.5     370.7   1.082  0.0778  0.8194  0.0326  0.0112  0.0589
 11246.5     371.1   1.082  0.0777  0.8196  0.0326  0.0112  0.0589
 11266.5     371.6   1.083  0.0776  0.8197  0.0327  0.0112  0.0588
 11286.5     372.0   1.083  0.0775  0.8199  0.0327  0.0112  0.0587
 11306.5     372.5   1.083  0.0773  0.8202  0.0327  0.0112  0.0586
 11326.5     372.9   1.083  0.0771  0.8204  0.0328  0.0112  0.0585
 11346.5     373.3   1.083  0.0770  0.8205  0.0328  0.0112  0.0584
 11366.5     373.8   1.083  0.0769  0.8206  0.0329  0.0112  0.0583
 11386.5     374.2   1.083  0.0768  0.8208  0.0329  0.0112  0.0583
 11406.5     374.6   1.083  0.0767  0.8209  0.0330  0.0112  0.0582
 11426.5     375.1   1.083  0.0766  0.8210  0.0330  0.0112  0.0581
 11446.5     375.5   1.083  0.0765  0.8212  0.0331  0.0112  0.0580
 11466.5     375.9   1.083  0.0763  0.8214  0.0331  0.0112  0.0580
 11486.5     376.4   1.083  0.0762  0.8215  0.0332  0.0112  0.0579
 11506.5     376.8   1.083  0.0761  0.8216  0.0332  0.0112  0.0578
 11526.5     377.2   1.083  0.0760  0.8219  0.0332  0.0112  0.0577
 11546.5     377.6   1.083  0.0759  0.8219  0.0333  0.0112  0.0577
 11566.5     378.1   1.083  0.0758  0.8220  0.0334  0.0112  0.0576
 11586.5     378.5   1.083  0.0757  0.8222  0.0334  0.0112  0.0575
 11606.5     378.9   1.083  0.0755  0.8223  0.0335  0.0112  0.0574
 11626.5     379.3   1.083  0.0754  0.8225  0.0335  0.0112  0.0574
 11646.5     379.8   1.083  0.0753  0.8226  0.0336  0.0112  0.0573
 11666.5     380.2   1.083  0.0751  0.8230  0.0336  0.0112  0.0571
 11686.5     380.6   1.083  0.0750  0.8231  0.0336  0.0112  0.0571
 11706.5     381.0   1.083  0.0748  0.8233  0.0337  0.0112  0.0570
 11726.5     381.5   1.083  0.0747  0.8235  0.0337  0.0112  0.0569
 11746.5     381.9   1.083  0.0746  0.8235  0.0338  0.0112  0.0569
 11766.5     382.3   1.084  0.0745  0.8237  0.0338  0.0112  0.0568
 11786.5     382.7   1.084  0.0744  0.8238  0.0339  0.0112  0.0567
 11806.5     383.1   1.084  0.0743  0.8240  0.0339  0.0112  0.0566
 11826.5     383.6   1.084  0.0742  0.8241  0.0340  0.0112  0.0565
 11846.5     384.0   1.084  0.0740  0.8243  0.0340  0.0112  0.0565
 11866.5     384.4   1.084  0.0740  0.8244  0.0341  0.0112  0.0564
 11886.5     384.8   1.084  0.0738  0.8245  0.0341  0.0112  0.0563
 11906.5     385.2   1.084  0.0737  0.8247  0.0342  0.0112  0.0563
 11926.5     385.6   1.084  0.0736  0.8248  0.0342  0.0112  0.0562
 11946.5     386.0   1.084  0.0735  0.8250  0.0343  0.0112  0.0561
 11966.5     386.4   1.084  0.0734  0.8251  0.0343  0.0112  0.0560
 11986.5     386.9   1.084  0.0733  0.8253  0.0343  0.0112  0.0559
 12006.5     387.3   1.084  0.0731  0.8254  0.0344  0.0112  0.0559
 12026.5     387.7   1.084  0.0730  0.8256  0.0344  0.0112  0.0558
 12046.5     388.1   1.084  0.0728  0.8258  0.0345  0.0112  0.0557
 12066.5     388.5   1.084  0.0727  0.8260  0.0345  0.0112  0.0556
 12086.5     388.9   1.084  0.0726  0.8261  0.0346  0.0112  0.0555
 12106.5     389.3   1.084  0.0725  0.8263  0.0346  0.0112  0.0554
 12126.5     389.7   1.084  0.0724  0.8265  0.0346  0.0112  0.0554
 12146.5     390.1   1.084  0.0722  0.8267  0.0347  0.0112  0.0553
 12166.5     390.5   1.084  0.0721  0.8268  0.0347  0.0112  0.0552
 12186.5     390.9   1.084  0.0720  0.8269  0.0348  0.0112  0.0551
 12206.5     391.3   1.084  0.0719  0.8270  0.0348  0.0112  0.0551
 12226.5     391.7   1.084  0.0718  0.8272  0.0349  0.0112  0.0550
 12246.5     392.1   1.084  0.0717  0.8273  0.0349  0.0112  0.0549
 12266.5     392.5   1.085  0.0716  0.8274  0.0350  0.0112  0.0548
 12286.5     392.9   1.085  0.0715  0.8276  0.0350  0.0112  0.0548
 12306.5     393.3   1.085  0.0713  0.8278  0.0351  0.0112  0.0547
 12326.5     393.7   1.085  0.0712  0.8280  0.0351  0.0112  0.0546
 12346.5     394.1   1.085  0.0711  0.8280  0.0352  0.0112  0.0545
 12366.5     394.5   1.085  0.0710  0.8282  0.0352  0.0112  0.0544
 12386.5     394.9   1.085  0.0708  0.8283  0.0353  0.0112  0.0544
 12406.5     395.3   1.085  0.0708  0.8284  0.0353  0.0112  0.0543
 12426.5     395.7   1.085  0.0705  0.8288  0.0353  0.0112  0.0542
 12446.5     396.1   1.085  0.0704  0.8289  0.0354  0.0112  0.0541
 12466.5     396.5   1.085  0.0703  0.8291  0.0354  0.0112  0.0540
 12486.5     396.9   1.085  0.0702  0.8292  0.0355  0.0112  0.0539
 12506.5     397.3   1.085  0.0701  0.8293  0.0355  0.0112  0.0539
 12526.5     397.6   1.085  0.0700  0.8294  0.0356  0.0112  0.0538
 12546.5     398.0   1.085  0.0698  0.8297  0.0356  0.0112  0.0537
 12566.5     398.4   1.085  0.0697  0.8298  0.0357  0.0112  0.0536
 12586.5     398.8   1.085  0.0696  0.8299  0.0357  0.0112  0.0536
 12606.5     399.2   1.085  0.0695  0.8301  0.0358  0.0112  0.0535
 12626.5     399.6   1.085  0.0694  0.8302  0.0358  0.0112  0.0534
 12646.5     400.0   1.085  0.0693  0.8304  0.0359  0.0112  0.0533
 12666.5     400.3   1.085  0.0692  0.8305  0.0359  0.0112  0.0533
 12686.5     400.7   1.085  0.0690  0.8307  0.0360  0.0112  0.0532
 12706.5     401.1   1.085  0.0689  0.8308  0.0360  0.0112  0.0531
 12726.5     401.5   1.085  0.0688  0.8310  0.0361  0.0112  0.0530
 12746.5     401.9   1.085  0.0687  0.8311  0.0361  0.0112  0.0530
 12766.5     402.2   1.086  0.0685  0.8313  0.0362  0.0112  0.0529
 12786.5     402.6   1.086  0.0684  0.8314  0.0362  0.0112  0.0528
 12806.5     403.0   1.086  0.0683  0.8316  0.0363  0.0112  0.0527
 12826.5     403.4   1.086  0.0682  0.8316  0.0363  0.0112  0.0527
 12846.5     403.8   1.086  0.0680  0.8320  0.0363  0.0111  0.0525
 12866.5     404.1   1.086  0.0679  0.8321  0.0364  0.0111  0.0525
 12886.5     404.5   1.086  0.0678  0.8323  0.0364  0.0111  0.0524
 12906.5     404.9   1.086  0.0677  0.8324  0.0365  0.0111  0.0523
 12926.5     405.3   1.086  0.0676  0.8325  0.0365  0.0111  0.0522
 12946.5     405.6   1.086  0.0674  0.8327  0.0366  0.0111  0.0521
 12966.5     406.0   1.086  0.0673  0.8329  0.0366  0.0111  0.0521
 12986.5     406.4   1.086  0.0672  0.8330  0.0366  0.0111  0.0520
 13006.5     406.7   1.086  0.0671  0.8332  0.0367  0.0111  0.0519
 13026.5     407.1   1.086  0.0670  0.8333  0.0368  0.0111  0.0518
 13046.5     407.5   1.086  0.0668  0.8335  0.0368  0.0111  0.0518
 13066.5     407.8   1.086  0.0667  0.8336  0.0368  0.0111  0.0517
 13086.5     408.2   1.086  0.0666  0.8338  0.0369  0.0111  0.0516
 13106.5     408.6   1.086  0.0665  0.8339  0.0369  0.0111  0.0515
 13126.5     408.9   1.086  0.0664  0.8340  0.0370  0.0111  0.0515
 13146.5     409.3   1.086  0.0663  0.8342  0.0370  0.0111  0.0514
 13166.5     409.7   1.086  0.0662  0.8343  0.0371  0.0111  0.0513
 13186.5     410.0   1.086  0.0660  0.8345  0.0371  0.0111  0.0512
 13206.5     410.4   1.086  0.0659  0.8346  0.0372  0.0111  0.0512
 13226.5     410.8   1.086  0.0658  0.8347  0.0372  0.0111  0.0511
 13246.5     411.1   1.086  0.0657  0.8349  0.0373  0.0111  0.0510
 13266.5     411.5   1.087  0.0655  0.8352  0.0373  0.0111  0.0509
 13286.5     411.8   1.087  0.0654  0.8354  0.0373  0.0111  0.0508
 13306.5     412.2   1.087  0.0653  0.8355  0.0374  0.0111  0.0507
 13326.5     412.6   1.087  0.0652  0.8356  0.0374  0.0111  0.0506
 13346.5     412.9   1.087  0.0650  0.8358  0.0375  0.0111  0.0506
 13366.5     413.3   1.087  0.0649  0.8360  0.0375  0.0111  0.0505
 13386.5     413.6   1.087  0.0648  0.8361  0.0376  0.0111  0.0504
 13406.5     414.0   1.087  0.0647  0.8362  0.0376  0.0111  0.0503
 13426.5     414.3   1.087  0.0646  0.8364  0.0377  0.0111  0.0503
 13446.5     414.7   1.087  0.0644  0.8365  0.0377  0.0111  0.0502
 13466.5     415.0   1.087  0.0643  0.8367  0.0378  0.0111  0.0501
 13486.5     415.4   1.087  0.0642  0.8368  0.0378  0.0111  0.0500
 13506.5     415.7   1.087  0.0641  0.8370  0.0379  0.0111  0.0500
 13526.5     416.1   1.087  0.0640  0.8371  0.0379  0.0111  0.0499
 13546.5     416.4   1.087  0.0639  0.8373  0.0380  0.0111  0.0498
 13566.5     416.8   1.087  0.0637  0.8374  0.0380  0.0111  0.0497
 13586.5     417.1   1.087  0.0636  0.8375  0.0381  0.0111  0.0497
 13606.5     417.5   1.087  0.0635  0.8377  0.0381  0.0111  0.0496
 13626.5     417.8   1.087  0.0634  0.8379  0.0381  0.0111  0.0495
 13646.5     418.2   1.087  0.0633  0.8380  0.0382  0.0111  0.0494
 13666.5     418.5   1.087  0.0631  0.8382  0.0382  0.0111  0.0493
 13686.5     418.9   1.087  0.0630  0.8383  0.0383  0.0111  0.0493
 13706.5     419.2   1.087  0.0629  0.8386  0.0383  0.0111  0.0491
 13726.5     419.6   1.087  0.0627  0.8387  0.0384  0.0111  0.0491
 13746.5     419.9   1.087  0.0626  0.8389  0.0384  0.0111  0.0490
 13766.5     420.2   1.088  0.0625  0.8390  0.0385  0.0111  0.0489
 13786.5     420.6   1.088  0.0624  0.8391  0.0385  0.0111  0.0488
 13806.5     420.9   1.088  0.0623  0.8393  0.0386  0.0111  0.0488
 13826.5     421.2   1.088  0.0622  0.8394  0.0386  0.0111  0.0487
 13846.5     421.6   1.088  0.0620  0.8396  0.0387  0.0111  0.0486
 13866.5     421.9   1.088  0.0619  0.8397  0.0387  0.0111  0.0485
 13886.5     422.3   1.088  0.0618  0.8399  0.0388  0.0111  0.0485
 13906.5     422.6   1.088  0.0617  0.8401  0.0388  0.0111  0.0484
 13926.5     422.9   1.088  0.0616  0.8402  0.0388  0.0111  0.0483
 13946.5     423.3   1.088  0.0615  0.8403  0.0389  0.0111  0.0482
 13966.5     423.6   1.088  0.0613  0.8405  0.0389  0.0111  0.0482
 13986.5     423.9   1.088  0.0612  0.8406  0.0390  0.0111  0.0481
 14006.5     424.3   1.088  0.0611  0.8407  0.0390  0.0111  0.0480
 14026.5     424.6   1.088  0.0610  0.8409  0.0391  0.0111  0.0479
 14046.5     424.9   1.088  0.0609  0.8411  0.0391  0.0111  0.0479
 14066.5     425.2   1.088  0.0607  0.8412  0.0392  0.0111  0.0478
 14086.5     425.6   1.088  0.0606  0.8414  0.0392  0.0111  0.0477
 14106.5     425.9   1.088  0.0605  0.8415  0.0393  0.0111  0.0476
 14126.5     426.2   1.088  0.0604  0.8417  0.0393  0.0111  0.0475
 14146.5     426.6   1.088  0.0603  0.8418  0.0394  0.0111  0.0475
 14166.5     426.9   1.088  0.0601  0.8420  0.0394  0.0111  0.0474
