# Energy of the discrete level
# [keV]
0.0
73.3
242.2
501.3
761.8
828.1
843.6
916.0
976.8
1024.6
1039.3
1122.7
1155.7
1166
1225.1
1261.3
1302.6
1346
1393.7
1470.5
1505
1587.8
1607.7
1655.2
1655.4
1674.7
1686.4
1716.2
1725.3
1738.1
1745.9
1757.6
1770.2
1773.0
1779.5
1797.4
1808.8
1840.7
1845.8
1854.2
1859.0
1892.6
1910.8
1920.6
1932.4
1933.0
1949.0
1952.8
1978.9
1983
1985.3
1998
1998.2
2015.2
2032
2050
2052.8
2077.9
2086
2101.5
2112.8
2118
2123.7
2152.3
2157.5
2173.1
2194.6
2205.6
2235
2247.6
2262
2278
2289.6
2306
2312.5
2314.2
2330
2333
2351
2370
2393
2412
2413
2431
2438
2444
2461
2472
2496
2518
2530.8
2539.1
2551
2571
2577.9
2585
2596
2604
2630
2653
2660
2671
2693
2694.0
2711
2722
2731
2738
2752.8
2761
2786
2792
2801
2828
2832.2
2862
2886.0
2888
2922
2947
2986
2990
3001.6
3005.5
3014.2
3027
3050
3070
3076
3111.1
3126
3147
3159.1
3173.6
3185
3191
3211
3228
3231
3239
3270
3279
3293
3316
3354
3365
3391
3414
3429
3476
3528.7
3603
3621
3667
3695
3704
3718
3754
3765
3785
3836
3853
3868
3877
3914
3987
4212.3
4600
4600
