#include "TGraph.h"

double adGSF_ETable[] = {
0.0,
0.04,
0.08,
0.12,
0.16,
0.2,
0.24,
0.28,
0.32,
0.36,
0.4,
0.44,
0.48,
0.52,
0.56,
0.6,
0.64,
0.68,
0.72,
0.76,
0.8,
0.84,
0.88,
0.92,
0.96,
1.0,
1.04,
1.08,
1.12,
1.16,
1.2,
1.24,
1.28,
1.32,
1.36,
1.4,
1.44,
1.48,
1.52,
1.56,
1.6,
1.64,
1.68,
1.72,
1.76,
1.8,
1.84,
1.88,
1.92,
1.96,
2.0,
2.04,
2.08,
2.12,
2.16,
2.2,
2.24,
2.28,
2.32,
2.36,
2.4,
2.44,
2.48,
2.52,
2.56,
2.6,
2.64,
2.68,
2.72,
2.76,
2.8,
2.84,
2.88,
2.92,
2.96,
3.0,
3.04,
3.08,
3.12,
3.16,
3.2,
3.24,
3.28,
3.32,
3.36,
3.4,
3.44,
3.48,
3.52,
3.56,
3.6,
3.64,
3.68,
3.72,
3.76,
3.8,
3.84,
3.88,
3.92,
3.96,
4.0,
4.0,
4.10738255034,
4.21476510067,
4.32214765101,
4.42953020134,
4.53691275168,
4.64429530201,
4.75167785235,
4.85906040268,
4.96644295302,
5.07382550336,
5.18120805369,
5.28859060403,
5.39597315436,
5.5033557047,
5.61073825503,
5.71812080537,
5.8255033557,
5.93288590604,
6.04026845638,
6.14765100671,
6.25503355705,
6.36241610738,
6.46979865772,
6.57718120805,
6.68456375839,
6.79194630872,
6.89932885906,
7.0067114094,
7.11409395973,
7.22147651007,
7.3288590604,
7.43624161074,
7.54362416107,
7.65100671141,
7.75838926174,
7.86577181208,
7.97315436242,
8.08053691275,
8.18791946309,
8.29530201342,
8.40268456376,
8.51006711409,
8.61744966443,
8.72483221477,
8.8322147651,
8.93959731544,
9.04697986577,
9.15436241611,
9.26174496644,
9.36912751678,
9.47651006711,
9.58389261745,
9.69127516779,
9.79865771812,
9.90604026846,
10.0134228188,
10.1208053691,
10.2281879195,
10.3355704698,
10.4429530201,
10.5503355705,
10.6577181208,
10.7651006711,
10.8724832215,
10.9798657718,
11.0872483221,
11.1946308725,
11.3020134228,
11.4093959732,
11.5167785235,
11.6241610738,
11.7315436242,
11.8389261745,
11.9463087248,
12.0536912752,
12.1610738255,
12.2684563758,
12.3758389262,
12.4832214765,
12.5906040268,
12.6979865772,
12.8053691275,
12.9127516779,
13.0201342282,
13.1275167785,
13.2348993289,
13.3422818792,
13.4496644295,
13.5570469799,
13.6644295302,
13.7718120805,
13.8791946309,
13.9865771812,
14.0939597315,
14.2013422819,
14.3087248322,
14.4161073826,
14.5234899329,
14.6308724832,
14.7382550336,
14.8456375839,
14.9530201342,
15.0604026846,
15.1677852349,
15.2751677852,
15.3825503356,
15.4899328859,
15.5973154362,
15.7046979866,
15.8120805369,
15.9194630872,
16.0268456376,
16.1342281879,
16.2416107383,
16.3489932886,
16.4563758389,
16.5637583893,
16.6711409396,
16.7785234899,
16.8859060403,
16.9932885906,
17.1006711409,
17.2080536913,
17.3154362416,
17.4228187919,
17.5302013423,
17.6375838926,
17.744966443,
17.8523489933,
17.9597315436,
18.067114094,
18.1744966443,
18.2818791946,
18.389261745,
18.4966442953,
18.6040268456,
18.711409396,
18.8187919463,
18.9261744966,
19.033557047,
19.1409395973,
19.2483221477,
19.355704698,
19.4630872483,
19.5704697987,
19.677852349,
19.7852348993,
19.8926174497,
20.0
};
const int nGSF_ETable = sizeof(adGSF_ETable)/sizeof(double);

double adGSF_E1[] = {
2.10894322425e-08,
2.11806329117e-08,
2.12720885728e-08,
2.13640543102e-08,
2.14567853935e-08,
2.15505373695e-08,
2.16455661559e-08,
2.17421281334e-08,
2.18404802397e-08,
2.19408800625e-08,
2.20435859338e-08,
2.21488570243e-08,
2.22569534379e-08,
2.23681363075e-08,
2.24826678907e-08,
2.26008116663e-08,
2.2722832432e-08,
2.28489964021e-08,
2.29795713065e-08,
2.31148264904e-08,
2.3255033015e-08,
2.34004637591e-08,
2.35513935216e-08,
2.37080991257e-08,
2.38708595232e-08,
2.40399559013e-08,
2.42156717897e-08,
2.43982931693e-08,
2.45881085826e-08,
2.47854092454e-08,
2.49904891598e-08,
2.52036452291e-08,
2.54251773744e-08,
2.56553886528e-08,
2.58945853775e-08,
2.61430772395e-08,
2.6401177432e-08,
2.66692027758e-08,
2.6947473848e-08,
2.72363151115e-08,
2.75360550483e-08,
2.78470262939e-08,
2.81695657747e-08,
2.8504014848e-08,
2.88507194443e-08,
2.92100302123e-08,
2.95823026673e-08,
2.99678973412e-08,
3.03671799371e-08,
3.07805214854e-08,
3.12082985043e-08,
3.16508931624e-08,
3.21086934459e-08,
3.25820933285e-08,
3.30714929444e-08,
3.35772987663e-08,
3.40999237864e-08,
3.46397877006e-08,
3.51973170986e-08,
3.57729456559e-08,
3.63671143319e-08,
3.69802715716e-08,
3.76128735111e-08,
3.82653841894e-08,
3.89382757635e-08,
3.9632028729e-08,
4.03471321458e-08,
4.10840838684e-08,
4.18433907826e-08,
4.26255690467e-08,
4.34311443383e-08,
4.42606521077e-08,
4.51146378368e-08,
4.59936573032e-08,
4.68982768524e-08,
4.78290736744e-08,
4.87866360888e-08,
4.97715638347e-08,
5.07844683692e-08,
5.18259731722e-08,
5.28967140584e-08,
5.39973394971e-08,
5.51285109396e-08,
5.62909031543e-08,
5.748520457e-08,
5.87121176273e-08,
5.99723591386e-08,
6.12666606566e-08,
6.25957688518e-08,
6.39604458987e-08,
6.53614698721e-08,
6.67996351519e-08,
6.8275752838e-08,
6.97906511753e-08,
7.1345175989e-08,
7.29401911292e-08,
7.45765789275e-08,
7.62552406633e-08,
7.79770970418e-08,
7.97430886829e-08,
8.15541766214e-08,
8.15541766214e-08,
8.66468450234e-08,
9.20914531922e-08,
9.79089713789e-08,
1.0412164189e-07,
1.10753065028e-07,
1.17828290163e-07,
1.25373912077e-07,
1.33418172697e-07,
1.41991068281e-07,
1.51124462035e-07,
1.60852202077e-07,
1.7121024454e-07,
1.82236781456e-07,
1.93972372921e-07,
2.06460082787e-07,
2.19745616904e-07,
2.33877462588e-07,
2.48907027605e-07,
2.64888776524e-07,
2.81880361676e-07,
2.99942745357e-07,
3.19140309048e-07,
3.39540944553e-07,
3.61216120822e-07,
3.8424091896e-07,
4.08694026466e-07,
4.34657680034e-07,
4.62217544364e-07,
4.91462512275e-07,
5.22484409054e-07,
5.55377581421e-07,
5.9023834877e-07,
6.27164291552e-07,
6.66253348944e-07,
7.07602695379e-07,
7.51307363477e-07,
7.97458579575e-07,
8.46141777971e-07,
8.97434261582e-07,
9.51402480661e-07,
1.00809890829e-06,
1.06755850232e-06,
1.12979475934e-06,
1.19479538765e-06,
1.26251765434e-06,
1.33288349638e-06,
1.40577452716e-06,
1.48102711791e-06,
1.55842778472e-06,
1.63770916501e-06,
1.71854691587e-06,
1.80055790579e-06,
1.88330009238e-06,
1.96627447413e-06,
2.04892946533e-06,
2.13066796312e-06,
2.21085725219e-06,
2.28884172518e-06,
2.36395819592e-06,
2.43555336102e-06,
2.50300274659e-06,
2.56573028546e-06,
2.62322753442e-06,
2.67507148325e-06,
2.7209399433e-06,
2.76062363553e-06,
2.79403431574e-06,
2.82120855319e-06,
2.84230708413e-06,
2.85760995509e-06,
2.86750791356e-06,
2.87249066636e-06,
2.87313268636e-06,
2.87007719859e-06,
2.86401881898e-06,
2.85568506474e-06,
2.8458166258e-06,
2.83514591115e-06,
2.82437300753e-06,
2.81413788109e-06,
2.80498752641e-06,
2.79733699251e-06,
2.79142402879e-06,
2.78725877614e-06,
2.78457270944e-06,
2.78277489564e-06,
2.78092797369e-06,
2.77775959313e-06,
2.77172491477e-06,
2.76112945439e-06,
2.74430772937e-06,
2.71983414621e-06,
2.68672522182e-06,
2.64458578267e-06,
2.59366233191e-06,
2.53479211672e-06,
2.46926598362e-06,
2.39864403904e-06,
2.32456808856e-06,
2.24860524677e-06,
2.17214040833e-06,
2.09631937295e-06,
2.02203396135e-06,
1.94993620918e-06,
1.88046906416e-06,
1.813903706e-06,
1.750376892e-06,
1.68992460436e-06,
1.63251037346e-06,
1.5780479829e-06,
1.52641899327e-06,
1.47748584469e-06,
1.43110137553e-06,
1.38711554143e-06,
1.34538000847e-06,
1.30575116943e-06,
1.26809201414e-06,
1.23227318344e-06,
1.19817345335e-06,
1.16567983112e-06,
1.13468739483e-06,
1.10509897063e-06,
1.07682471402e-06,
1.04978164126e-06,
1.02389314216e-06,
9.99088495227e-07,
9.75302398231e-07,
9.52474522597e-07,
9.3054909587e-07,
9.09474514358e-07,
8.89202986298e-07,
8.69690204824e-07,
8.50895049376e-07,
8.32779313808e-07,
8.1530745927e-07,
7.98446389862e-07,
7.82165249121e-07,
7.66435235444e-07,
7.51229434697e-07,
7.36522668348e-07,
7.22291355624e-07,
7.08513388322e-07,
6.95168017008e-07,
6.82235747485e-07,
6.69698246508e-07,
6.57538255833e-07,
6.45739513776e-07,
6.34286683548e-07,
6.23165287705e-07
};
TGraph *grGSF_E1 = new TGraph(nGSF_ETable,adGSF_ETable,adGSF_E1);

double adGSF_M1[] = {
0.0,
4.23819494661e-10,
8.48235456059e-10,
1.27384728303e-09,
1.70126027644e-09,
2.13108868578e-09,
2.56395887281e-09,
3.00051263591e-09,
3.44141074201e-09,
3.88733671884e-09,
4.33900096612e-09,
4.79714525276e-09,
5.26254767733e-09,
5.73602818121e-09,
6.2184547193e-09,
6.71075021179e-09,
7.21390042329e-09,
7.72896294364e-09,
8.25707747913e-09,
8.79947770483e-09,
9.35750498097e-09,
9.93262429998e-09,
1.05264429104e-08,
1.11407321616e-08,
1.17774532349e-08,
1.24387875788e-08,
1.31271730529e-08,
1.38453470209e-08,
1.45963979228e-08,
1.53838272213e-08,
1.62116240607e-08,
1.70843555321e-08,
1.80072761036e-08,
1.89864605772e-08,
2.00289658632e-08,
2.11430278986e-08,
2.23383010848e-08,
2.3626148496e-08,
2.5019991407e-08,
2.65357256298e-08,
2.81922082816e-08,
3.00118092762e-08,
3.20210023202e-08,
3.42509323055e-08,
3.673782599e-08,
3.95229887974e-08,
4.26519203724e-08,
4.61717460484e-08,
5.01256745469e-08,
5.45426053953e-08,
5.94196072799e-08,
6.46955732925e-08,
7.02175394449e-08,
7.57089535714e-08,
8.07614116155e-08,
8.48799699671e-08,
8.75987166935e-08,
8.86360316432e-08,
8.80069838552e-08,
8.60171763988e-08,
8.3142434861e-08,
7.98742684429e-08,
7.66103883834e-08,
7.36154505894e-08,
7.10326668611e-08,
6.89163729322e-08,
6.72652196496e-08,
6.60476456845e-08,
6.52186051419e-08,
6.47293766096e-08,
6.45327199262e-08,
6.45852047094e-08,
6.48479506163e-08,
6.52865464681e-08,
6.58705932369e-08,
6.65731154355e-08,
6.736996771e-08,
6.8239297238e-08,
6.91610867978e-08,
7.01167849358e-08,
7.10890207064e-08,
7.20613964912e-08,
7.30183509059e-08,
7.39450833951e-08,
7.48275320893e-08,
7.56523965098e-08,
7.6407196641e-08,
7.70803597234e-08,
7.76613259368e-08,
7.81406640176e-08,
7.85101879012e-08,
7.87630657838e-08,
7.8893913633e-08,
7.88988661643e-08,
7.87756196441e-08,
7.85234425143e-08,
7.81431516772e-08,
7.76370542083e-08,
7.70088561465e-08,
7.62635417175e-08,
7.5407227755e-08,
7.5407227755e-08,
7.26166312433e-08,
6.92398601822e-08,
6.5452911557e-08,
6.14265138502e-08,
5.73109813421e-08,
5.32281788276e-08,
4.92695174325e-08,
4.54980747698e-08,
4.19529312316e-08,
3.86542477427e-08,
3.56081483269e-08,
3.28109286297e-08,
3.02524281768e-08,
2.79185889154e-08,
2.57933106656e-08,
2.38597418361e-08,
2.21011390098e-08,
2.05014099349e-08,
1.90454314594e-08,
1.77192122151e-08,
1.65099514911e-08,
1.54060311896e-08,
1.43969667197e-08,
1.34733345525e-08,
1.26266883156e-08,
1.18494711728e-08,
1.11349293714e-08,
1.04770298784e-08,
9.87038371481e-09,
9.31017572993e-09,
8.79210100462e-09,
8.31230772918e-09,
7.86734620104e-09,
7.45412348186e-09,
7.06986320888e-09,
6.71207004979e-09,
6.37849830766e-09,
6.06712421387e-09,
5.77612148453e-09,
5.50383975587e-09,
5.2487855543e-09,
5.00960549446e-09,
4.78507143424e-09,
4.57406734788e-09,
4.37557770722e-09,
4.18867718709e-09,
4.01252153383e-09,
3.84633945604e-09,
3.68942541437e-09,
3.54113320276e-09,
3.40087022702e-09,
3.26809239848e-09,
3.14229957066e-09,
3.02303145613e-09,
2.90986396812e-09,
2.80240593862e-09,
2.70029617049e-09,
2.60320078612e-09,
2.51081083997e-09,
2.42284016595e-09,
2.33902343424e-09,
2.25911439501e-09,
2.18288428925e-09,
2.11012040902e-09,
2.04062479165e-09,
1.97421303408e-09,
1.91071321502e-09,
1.84996491415e-09,
1.79181831857e-09,
1.73613340794e-09,
1.68277921056e-09,
1.6316331236e-09,
1.58258029118e-09,
1.53551303503e-09,
1.49033033256e-09,
1.44693733806e-09,
1.4052449431e-09,
1.36516937241e-09,
1.32663181215e-09,
1.2895580677e-09,
1.25387824818e-09,
1.21952647563e-09,
1.18644061644e-09,
1.15456203331e-09,
1.12383535589e-09,
1.09420826855e-09,
1.06563131388e-09,
1.03805771058e-09,
1.01144318456e-09,
9.85745812184e-10,
9.60925874733e-10,
9.36945723075e-10,
9.13769651854e-10,
8.91363782381e-10,
8.69695953575e-10,
8.4873562033e-10,
8.28453758747e-10,
8.08822777703e-10,
7.89816436284e-10,
7.71409766652e-10,
7.5357900194e-10,
7.36301508806e-10,
7.19555724312e-10,
7.03321096816e-10,
6.8757803059e-10,
6.72307833901e-10,
6.57492670311e-10,
6.43115512974e-10,
6.29160101721e-10,
6.15610902745e-10,
6.02453070703e-10,
5.89672413083e-10,
5.77255356671e-10,
5.6518891599e-10,
5.53460663573e-10,
5.42058701958e-10,
5.30971637287e-10,
5.20188554404e-10,
5.09698993364e-10,
4.99492927259e-10,
4.89560741278e-10,
4.79893212919e-10,
4.70481493298e-10,
4.61317089461e-10,
4.52391847668e-10,
4.43697937562e-10,
4.35227837189e-10,
4.2697431881e-10,
4.18930435456e-10,
4.11089508193e-10,
4.03445114034e-10,
3.95991074488e-10,
3.88721444688e-10,
3.81630503068e-10,
3.74712741571e-10,
3.67962856337e-10,
3.61375738864e-10,
3.54946467604e-10,
3.48670299966e-10,
3.42542664719e-10,
3.36559154762e-10,
3.30715520234e-10,
3.25007661967e-10,
3.19431625244e-10,
3.13983593849e-10,
3.08659884408e-10,
3.03456940983e-10,
2.98371329925e-10,
2.93399734959e-10
};
TGraph *grGSF_M1 = new TGraph(nGSF_ETable,adGSF_ETable,adGSF_M1);

double adGSF_E2[] = {
0,
0,
0,
0,
0,
0,
0,
0,
0,
0,
0,
0,
0,
0,
0,
0,
0,
0,
0,
0,
0,
0,
0,
0,
0,
0,
0,
0,
0,
0,
0,
0,
0,
0,
0,
0,
0,
0,
0,
0,
0,
0,
0,
0,
0,
0,
0,
0,
0,
0,
0,
0,
0,
0,
0,
0,
0,
0,
0,
0,
0,
0,
0,
0,
0,
0,
0,
0,
0,
0,
0,
0,
0,
0,
0,
0,
0,
0,
0,
0,
0,
0,
0,
0,
0,
0,
0,
0,
0,
0,
0,
0,
0,
0,
0,
0,
0,
0,
0,
0,
0,
0,
0,
0,
0,
0,
0,
0,
0,
0,
0,
0,
0,
0,
0,
0,
0,
0,
0,
0,
0,
0,
0,
0,
0,
0,
0,
0,
0,
0,
0,
0,
0,
0,
0,
0,
0,
0,
0,
0,
0,
0,
0,
0,
0,
0,
0,
0,
0,
0,
0,
0,
0,
0,
0,
0,
0,
0,
0,
0,
0,
0,
0,
0,
0,
0,
0,
0,
0,
0,
0,
0,
0,
0,
0,
0,
0,
0,
0,
0,
0,
0,
0,
0,
0,
0,
0,
0,
0,
0,
0,
0,
0,
0,
0,
0,
0,
0,
0,
0,
0,
0,
0,
0,
0,
0,
0,
0,
0,
0,
0,
0,
0,
0,
0,
0,
0,
0,
0,
0,
0,
0,
0,
0,
0,
0,
0,
0,
0,
0,
0,
0,
0,
0,
0,
0,
0,
0,
0,
0,
0,
0,
0,
0,
0,
0,
0,
0,
0,
0,
0
};
TGraph *grGSF_E2 = new TGraph(nGSF_ETable,adGSF_ETable,adGSF_E2);

